0.07 -1.95852317844 2.2931719349 9.02903839009
0.0730842878495 -2.05778151357 2.42568838725 9.09472908223
0.0763044732925 -2.12862503251 2.52696896616 9.16213444964
0.0796665441474 -2.04435066285 2.45324794813 9.22541915076
0.0831767520635 -2.22308414153 2.62040731637 9.22902321251
0.0868416241457 -2.20620897991 2.66273090374 9.34172416881
0.0906679750913 -2.2777376528 2.75651344851 9.39963299327
0.0946629198615 -2.29601906734 2.78686012881 9.44944198479
0.098833886912 -2.30375377975 2.80395471081 9.49747145642
0.103188632005 -2.33378656957 2.84763046292 9.54343722888
0.107735252632 -2.34542922299 2.87056535851 9.59159206722
0.11248220307 -2.35826295783 2.90329403408 9.64977174761
0.117438310102 -2.38909582442 2.95552381631 9.71044506883
0.12261278943 -2.43467133549 3.02667974846 9.77289642541
0.12801526281 -2.47577921535 3.09221427442 9.83896409962
0.133655775948 -2.52801473408 3.16772457964 9.90457486268
0.139544817173 -2.56797711113 3.22788526444 9.96822477826
0.145693336946 -2.61058008968 3.29059229067 10.0317729879
0.152112768216 -2.65704089128 3.35193915139 10.0865853084
0.158815047684 -2.70796433964 3.4183089063 10.1394163514
0.165812637997 -2.72687686258 3.44811776844 10.1910071995
0.173118550921 -2.75411431158 3.48503894757 10.2353380279
0.180746371537 -2.76367265353 3.50051547506 10.2773398204
0.188710283502 -2.77406783799 3.51934149833 10.3199124364
0.197025095424 -2.78962703197 3.54414767458 10.3620233205
0.205706268393 -2.80352601118 3.57062873632 10.4086004061
0.214769944739 -2.8297655114 3.61081680411 10.4573250216
0.224232978039 -2.78817605593 3.60134247848 10.5457732942
0.234112964462 -2.84885652063 3.66777804391 10.5800164407
0.244428275487 -2.85855850097 3.69974172336 10.643254787
0.255198092061 -2.91381104984 3.75680616018 10.6698258969
0.266442440269 -2.91912715929 3.78569436803 10.7398384389
0.27818222857 -2.98801855701 3.85907485776 10.7694822288
0.290439286678 -2.99223690013 3.8825321798 10.8348819777
0.303236406149 -3.01869239012 3.91879706997 10.8821842786
0.316597382763 -3.06252292956 3.96636082084 10.916885972
0.330547060776 -3.05722561599 3.97341966212 10.9766007493
0.345111379108 -3.09490331178 4.0134232982 11.0082278836
0.360317419584 -3.11117553567 4.03489980631 11.0489885949
0.376193457287 -3.12833603461 4.06028058641 11.0960734831
0.392769013135 -3.1096913496 4.05985791392 11.1718244726
0.410074908776 -3.12454903575 4.08167417112 11.2222137898
0.428143323898 -3.16934544522 4.13103005619 11.2663186772
0.447007856067 -3.25182092152 4.22706183798 11.331170915
0.466703583197 -3.30414584792 4.28812405388 11.3960179472
0.487267128783 -3.28268939311 4.27717887705 11.4671177436
0.508736729994 -3.27045017376 4.27308099493 11.5308247975
0.531152308779 -3.29664895523 4.31451017874 11.6025912325
0.554555546096 -3.39995831835 4.40410879745 11.6062847288
0.578989959421 -3.30318277495 4.33968253275 11.7327392436
0.604500983662 -3.41279298591 4.43791251351 11.7400908021
0.631136055646 -3.42243819794 4.4579650941 11.8048127447
0.65894470233 -3.43080723796 4.47714031118 11.8689996438
0.687978632886 -3.45462466325 4.51259634883 11.9297995045
0.71829183486 -3.42514569828 4.499441049 12.0079942984
0.749940674555 -3.4701194477 4.54581066697 12.0443691839
0.782984001847 -3.45491064919 4.54056159769 12.107723263
0.817483259608 -3.40415041206 4.51340416992 12.2032701518
0.853502597963 -3.47223178296 4.57727835889 12.2185940645
0.891108993569 -3.47827836711 4.59346297966 12.2742872559
0.930372374162 -3.48957372046 4.6156597026 12.329739706
0.971365748579 -3.50331328902 4.6420329727 12.3842536101
1.01416534252 -3.49183895258 4.64655886289 12.4533075104
1.05885074028 -3.52170556971 4.68207329076 12.4908233254
1.10550503275 -3.53176921237 4.70290122838 12.5441196283
1.15421497189 -3.54035507552 4.72200455404 12.5947065871
1.20507113209 -3.53730835884 4.72724867836 12.6458288763
1.25816807852 -3.55069082249 4.75146908118 12.6957737589
1.31360454306 -3.5599847333 4.77138789641 12.7462830207
1.37148360779 -3.57152795128 4.79370732163 12.7957242716
1.43191289675 -3.58232889356 4.81553463525 12.8454125903
1.49500477602 -3.59303886363 4.83709428893 12.8944809996
1.56087656268 -3.60325668887 4.85741146901 12.9424442666
1.62965074292 -3.61392028067 4.87871690437 12.9901597196
1.70145519985 -3.6240807721 4.89965017637 13.0378171048
1.77642345127 -3.63431919751 4.91942028805 13.0833616766
1.85469489794 -3.64146377473 4.93591291722 13.1288692297
1.93641508277 -3.65347109468 4.95707258976 13.1721036857
2.0217359615 -3.65991696117 4.97357137923 13.2189227515
2.11081618523 -3.67637614644 4.99781377666 13.2576809551
2.20382139542 -3.68095223975 5.01190852878 13.3031342278
2.30092453188 -3.69482240119 5.03491188581 13.3457184108
2.4023061544 -3.69232936347 5.04157939548 13.3907747376
2.50815477844 -3.71549098407 5.07503714583 13.4300516556
2.6186672257 -3.71516372758 5.07974788255 13.4682421166
2.73404899007 -3.71681051401 5.09029342461 13.5121866741
2.85451461979 -3.72021839417 5.10190058199 13.5537462221
2.98028811633 -3.72753228018 5.11689829051 13.592799709
3.11160335098 -3.73226432472 5.1291103364 13.6321948492
3.24870449967 -3.73586486352 5.14031855357 13.6716902959
3.39184649703 -3.7217924824 5.12954413265 13.7096741063
3.54129551043 -3.75653788535 5.17685724465 13.7458926378
3.69732943493 -3.78565703799 5.21767509384 13.7822315305
3.86023840995 -3.76449429742 5.19685881545 13.8166041186
4.03032535887 -3.76239973901 5.19888864973 13.8499988122
4.20790655221 -3.76840793547 5.21020045794 13.8822409066
4.3933121958 -3.76364814426 5.20771531522 13.9127284034
4.58688704473 -3.77473112972 5.22472005128 13.943593911
4.78899104443 -3.79220317441 5.24876740776 13.9728418356
5.0 -3.79653703619 5.25662737243 14.0009085664
