Mass Entropy Slope Intercept Offset
0.303236406149 9.18875963463 -1.19503189453 -12.5181387132 -2.75626255054
0.316597382763 9.23266467714 -1.19503189453 -12.452943295 -2.61714519783
0.330547060776 9.27722728165 -1.19503189453 -12.3798249202 -2.47399853155
0.345111379108 9.31983716332 -1.19503189453 -12.317041297 -2.29183114439
0.360317419584 9.35914193362 -1.19503189453 -12.2456717488 -2.12790170286
0.376193457287 9.39692688302 -1.19503189453 -12.1766138403 -1.95824639468
0.392769013135 9.4370075462 -1.19503189453 -12.1081361128 -1.78795487909
0.410074908776 9.48711816282 -1.19503189453 -12.0417392267 -1.61299784253
0.428143323898 9.53847854678 -1.19503189453 -11.9747234738 -1.44100977386
0.447007856067 9.59272407801 -1.19503189453 -11.9160187541 -1.26350790768
0.466703583197 9.64960617339 -1.19503189453 -11.8461559017 -1.11739227351
0.487267128783 9.70685450424 -1.19503189453 -11.7862833197 -0.981279346712
0.508736729994 9.76318421506 -1.19503189453 -11.7229250081 -0.857749138855
0.531152308779 9.81840887665 -1.19503189453 -11.6612278932 -0.781698506181
0.65894470233 10.0639680098 -1.19503189453 -11.3519770019 -0.435854117992
0.71829183486 10.149310924 -1.19503189453 -11.2251957512 -0.345292085096
0.749940674555 10.2056818779 -1.19503189453 -11.1552509748 -0.302410586833
0.782984001847 10.2453783029 -1.19503189453 -11.0789767536 -0.286717470826
0.817483259608 10.2830952665 -1.19503189453 -10.9913385973 -0.278234705417
0.853502597963 10.3191872887 -1.19503189453 -10.9021690946 -0.273569184442
0.891108993569 10.3540600869 -1.19503189453 -10.8117253627 -0.27102435482
0.930372374162 10.3874567516 -1.19503189453 -10.7211878284 -0.27102435482
0.971365748579 10.4193701078 -1.19503189453 -10.6298318556 -0.272296769631
1.01416534252 10.449617666 -1.19503189453 -10.536875095 -0.284898006677
1.05885074028 10.4795737807 -1.19503189453 -10.4435016991 -0.269983566551
1.10550503275 10.508818665 -1.19503189453 -10.3499516283 -0.26548516228
1.15421497189 10.5406117458 -1.19503189453 -10.2549139145 -0.304733145537
1.20507113209 10.5632900824 -1.19503189453 -10.1616890273 -0.30992662109
1.25816807852 10.5897592273 -1.19503189453 -10.0675601117 -0.322720479278
1.31360454306 10.6155330375 -1.19503189453 -9.97639289374 -0.328531592655
1.37148360779 10.640297788 -1.19503189453 -9.88560697703 -0.340096513201
1.43191289675 10.6644639905 -1.19503189453 -9.79822497427 -0.351761066852
1.49500477602 10.6881088752 -1.19503189453 -9.71278331107 -0.342827202155
1.56087656268 10.7112194359 -1.19503189453 -9.63016693011 -0.367409448796
1.62965074292 10.7339047526 -1.19503189453 -9.55035345474 -0.385254615499
1.70145519985 10.7554917204 -1.19503189453 -9.47408851727 -0.398571035366
1.77642345127 10.7778471213 -1.19503189453 -9.40228018083 -0.396842970432
1.85469489794 10.7996578218 -1.19503189453 -9.33376757727 -0.406682022904
1.93641508277 10.820194724 -1.19503189453 -9.27123478062 -0.403944222425
2.0217359615 10.8406370083 -1.19503189453 -9.21217767765 -0.400294137533
2.11081618523 10.8604023022 -1.19503189453 -9.156767852 -0.398283920808
2.20382139542 10.8791684094 -1.19503189453 -9.10276026701 -0.403489315615
2.30092453188 10.8976895636 -1.19503189453 -9.03357795903 -0.411152045714
2.4023061544 10.9154082007 -1.19503189453 -8.96276232544 -0.421749965213
2.50815477844 10.9337494485 -1.19503189453 -8.89015053273 -0.43242453009
2.6186672257 10.9508748008 -1.19503189453 -8.8128146906 -0.446447978064
2.73404899007 10.9682763376 -1.19503189453 -8.72719054513 -0.465913361074
2.85451461979 10.9854699541 -1.19503189453 -8.63531425607 -0.489983458344
2.98028811633 11.0020954897 -1.19503189453 -8.54248140579 -0.516355912745
3.11160335098 11.0186368772 -1.19503189453 -8.45055319431 -0.543984198307
3.24870449967 11.0345990098 -1.19503189453 -8.3591848124 -0.573286925419
3.39184649703 11.0509110407 -1.19503189453 -8.26753231956 -0.603845483692
3.54129551043 11.0669510903 -1.19503189453 -8.17538616351 -0.636497093902
3.69732943493 11.0832174373 -1.19503189453 -8.08302355955 -0.671241756049
3.86023840995 11.0984470687 -1.19503189453 -7.98999845303 -0.707870164938
4.03032535887 11.1137874838 -1.19503189453 -7.896680381 -0.746382320571
4.20790655221 11.1287729811 -1.19503189453 -7.80318269862 -0.786150307365
4.3933121958 11.1441529348 -1.19503189453 -7.70976581339 -0.827174125321
4.58688704473 11.1594377079 -1.19503189453 -7.61701698157 -0.869244469246
4.78899104443 11.1756151367 -1.19503189453 -7.52558888043 -0.912152033945
5.0 11.192935988 -1.19503189453 -7.43589508737 -0.95485029345