Mass Entropy Slope Intercept Offset
0.330547060776 8.42642454848 -1.19705428351 -12.3752069613 -13.0388587103
0.345111379108 8.44458515919 -1.19705428351 -12.3064850858 -12.8634775354
0.360317419584 8.46515956873 -1.19705428351 -12.2387632037 -12.654165299
0.376193457287 8.48721854051 -1.19705428351 -12.1719536673 -12.4454892699
0.392769013135 8.51361843468 -1.19705428351 -12.1099963974 -12.1734045694
0.410074908776 8.54408003395 -1.19705428351 -12.0346461109 -12.0826389795
0.428143323898 8.57702614882 -1.19705428351 -11.9756349409 -11.7988904766
0.447007856067 8.60637190926 -1.19705428351 -11.9092886328 -11.6203282647
0.466703583197 8.63909742875 -1.19705428351 -11.8402945613 -11.4833316034
0.487267128783 8.6734450851 -1.19705428351 -11.7776182441 -11.2729590212
0.508736729994 8.70880977513 -1.19705428351 -11.7191561424 -11.0210208886
0.531152308779 8.74312735757 -1.19705428351 -11.6553693734 -10.8380052249
0.554555546096 8.77705358795 -1.19705428351 -11.5921837109 -10.6588068056
0.578989959421 8.81187639667 -1.19705428351 -11.5308022211 -10.4711256209
0.604500983662 8.84808472171 -1.19705428351 -11.4687993948 -10.1576874391
0.631136055646 8.8853298521 -1.19705428351 -11.4061070385 -9.63218012199
0.65894470233 8.92424714176 -1.19705428351 -11.3434357466 -8.97731063241
0.687978632886 8.9632218276 -1.19705428351 -11.2810759217 -8.28532904417
0.71829183486 9.00173965885 -1.19705428351 -11.216043565 -7.64021473481
0.749940674555 9.03827427833 -1.19705428351 -11.1460801125 -7.0983780943
0.782984001847 9.07162449372 -1.19705428351 -11.0700245825 -6.67339154731
0.817483259608 9.10316110696 -1.19705428351 -10.982512107 -6.38243269378
0.853502597963 9.13190710937 -1.19705428351 -10.8933760927 -6.15000492157
0.891108993569 9.15923648934 -1.19705428351 -10.8027091001 -5.959354769
0.930372374162 9.18401830329 -1.19705428351 -10.7115720913 -5.81217878915
0.971365748579 9.20779327597 -1.19705428351 -10.6198341726 -5.65641087154
1.01416534252 9.22999493352 -1.19705428351 -10.5268628244 -5.57403313341
1.05885074028 9.25015984278 -1.19705428351 -10.4338098883 -5.57517535599
1.10550503275 9.26871444052 -1.19705428351 -10.3399493903 -5.56065965161
1.15421497189 9.28637164133 -1.19705428351 -10.2453863021 -5.52621296526
1.20507113209 9.30318631864 -1.19705428351 -10.1508791853 -5.52628142859
1.25816807852 9.31908789506 -1.19705428351 -10.0573751485 -5.56125841877
1.31360454306 9.33443452947 -1.19705428351 -9.96546186379 -5.59160763956
1.37148360779 9.35030794081 -1.19705428351 -9.87507173766 -5.54923059974
1.43191289675 9.36563115932 -1.19705428351 -9.78683019426 -5.50934537361
1.49500477602 9.38057966392 -1.19705428351 -9.70144357499 -5.75328339392
1.56087656268 9.39485103426 -1.19705428351 -9.61866460255 -5.52302791526
1.62965074292 9.40787029441 -1.19705428351 -9.53879179114 -5.59011094305
1.70145519985 9.41818728547 -1.19705428351 -9.46258640471 -5.51081373245
1.77642345127 9.42914042368 -1.19705428351 -9.39006340114 -5.42759364811
2.20382139542 9.491325309 -1.19705428351 -9.09087264348 -4.9230765162
2.30092453188 9.50228284065 -1.19705428351 -9.02219832314 -4.95177649381
2.4023061544 9.5130855957 -1.19705428351 -8.95127910425 -5.00584102241
2.6186672257 9.53326928936 -1.19705428351 -8.80199693241 -5.02703481038
2.73404899007 9.54321123395 -1.19705428351 -8.71668449903 -5.04576086437
2.85451461979 9.55248457536 -1.19705428351 -8.62483915518 -5.12459587697
2.98028811633 9.56133102594 -1.19705428351 -8.5325134429 -5.04175815609
3.11160335098 9.57030965098 -1.19705428351 -8.44052687426 -5.22067984777
3.24870449967 9.57912118755 -1.19705428351 -8.34893670097 -5.39887250519
3.54129551043 9.59721947896 -1.19705428351 -8.16563192856 -5.74247114654
3.69732943493 9.61190374668 -1.19705428351 -8.07332609124 -5.75492012264
3.86023840995 9.62209424436 -1.19705428351 -7.98023661114 -5.8961581667
4.03032535887 9.63136409238 -1.19705428351 -7.88730240263 -6.05669450207
4.20790655221 9.64074866577 -1.19705428351 -7.794252806 -6.22868257074
4.3933121958 9.65038771659 -1.19705428351 -7.70071267254 -6.40682064433
4.58688704473 9.66064341022 -1.19705428351 -7.60849253263 -6.58453457965
4.78899104443 9.67156841067 -1.19705428351 -7.51715251575 -6.76012782362
5.0 9.68301768898 -1.19705428351 -7.42768977633 -6.92893485526