Mass Entropy Slope Intercept Offset
0.303236406149 8.7012399551 -1.15620183307 -12.7893642612 -5.4771095555
0.316597382763 8.72538731697 -1.15620183307 -12.7258520097 -5.38485948167
0.330547060776 8.75449536915 -1.15620183307 -12.6546628264 -5.33587151143
0.345111379108 8.78864377529 -1.15620183307 -12.5821905318 -5.29451803006
0.360317419584 8.82690020195 -1.15620183307 -12.510855202 -5.24934730426
0.376193457287 8.86642170797 -1.15620183307 -12.4488947776 -5.15412826254
0.392769013135 8.89257369312 -1.15620183307 -12.3848162032 -5.07396612943
0.410074908776 8.9320933812 -1.15620183307 -12.310368273 -5.05000231715
0.428143323898 8.9707866251 -1.15620183307 -12.2471163213 -4.92254876688
0.447007856067 9.01456186143 -1.15620183307 -12.1858086624 -4.65173648119
0.466703583197 9.05720325021 -1.15620183307 -12.1177375707 -4.32705863516
0.487267128783 9.10058176267 -1.15620183307 -12.0559860911 -3.93112555969
0.508736729994 9.14500564031 -1.15620183307 -11.9950001458 -3.52946661757
0.531152308779 9.19019395864 -1.15620183307 -11.9307450588 -3.16195080623
0.554555546096 9.23612333462 -1.15620183307 -11.8698282472 -2.81691432321
0.578989959421 9.28290977428 -1.15620183307 -11.8067880783 -2.51238304503
0.604500983662 9.32914095272 -1.15620183307 -11.7457873959 -2.23584489269
0.631136055646 9.37547051057 -1.15620183307 -11.683242434 -1.99408607854
0.65894470233 9.41933742445 -1.15620183307 -11.6207502942 -1.76176457365
0.687978632886 9.46078369118 -1.15620183307 -11.5591328473 -1.61572095303
0.71829183486 9.49953829263 -1.15620183307 -11.4941968065 -1.43364220915
0.749940674555 9.53627650672 -1.15620183307 -11.424205982 -1.36038778531
0.782984001847 9.5706972379 -1.15620183307 -11.3479300258 -1.26501940323
0.817483259608 9.60284623014 -1.15620183307 -11.2605952642 -1.22343922029
0.853502597963 9.63429750689 -1.15620183307 -11.1713272051 -1.17244656197
1.05885074028 9.76771357042 -1.15620183307 -10.7130356756 -1.01454733093
1.15421497189 9.8134683678 -1.15620183307 -10.5242067901 -0.993123395777
1.25816807852 9.85624739864 -1.15620183307 -10.337242294 -0.978868235454
1.37148360779 9.89777367824 -1.15620183307 -10.1546717262 -0.988821001472
1.43191289675 9.92779862787 -1.15620183307 -10.0664731476 -0.939221100771
1.49500477602 9.9445379868 -1.15620183307 -9.98139957871 -0.932896826035
1.56087656268 9.96046862749 -1.15620183307 -9.89816451467 -0.933368395971
1.62965074292 9.9767913453 -1.15620183307 -9.81913646778 -0.924304261463
1.70145519985 9.99289542968 -1.15620183307 -9.74318530501 -0.931657729007
1.77642345127 10.0093068114 -1.15620183307 -9.67071964725 -0.944285624667
1.85469489794 10.0254634121 -1.15620183307 -9.60294723933 -0.947795025227
1.93641508277 10.0407745677 -1.15620183307 -9.53977470357 -0.914481968455
2.0217359615 10.0553351848 -1.15620183307 -9.48073674539 -0.918078703543
2.11081618523 10.0685692062 -1.15620183307 -9.42519874667 -0.923524164065
2.20382139542 10.0813173437 -1.15620183307 -9.37175365742 -0.914496982855
2.30092453188 10.0942834747 -1.15620183307 -9.30252670319 -0.924186888194
2.4023061544 10.1059174001 -1.15620183307 -9.23144159784 -0.944821673999
2.50815477844 10.1178003937 -1.15620183307 -9.15925177015 -0.962034215712
2.6186672257 10.1289337593 -1.15620183307 -9.08212427024 -0.968428858899
2.73404899007 10.1399849445 -1.15620183307 -8.99641110678 -1.02973496721
2.85451461979 10.1507364773 -1.15620183307 -8.90500614899 -1.0601070656
2.98028811633 10.1612125909 -1.15620183307 -8.81220134982 -1.13221568081
3.11160335098 10.1718569557 -1.15620183307 -8.72011526204 -1.18883239967
3.24870449967 10.1820912057 -1.15620183307 -8.62838266919 -1.24027930551
3.39184649703 10.1921571807 -1.15620183307 -8.53697220661 -1.30132201943
3.54129551043 10.2021852102 -1.15620183307 -8.44504963609 -1.38599162999
3.69732943493 10.2124035628 -1.15620183307 -8.35256530717 -1.45902733758
3.86023840995 10.2226655719 -1.15620183307 -8.25960472441 -1.53889927027
4.03032535887 10.2328243422 -1.15620183307 -8.16650130006 -1.6180184074
4.20790655221 10.2434770232 -1.15620183307 -8.0729027339 -1.70729094696
4.3933121958 10.2535389235 -1.15620183307 -7.97967454819 -1.82040207999
4.58688704473 10.2638964834 -1.15620183307 -7.88716753983 -1.92103971256
4.78899104443 10.2754435385 -1.15620183307 -7.79586432574 -2.021918657
5.0 10.2885190754 -1.15620183307 -7.70649544074 -2.12509748189