Mass Entropy Slope Intercept Offset
0.303236406149 8.89345349203 -1.17031870991 -12.6885240105 -4.06388083834
0.316597382763 8.92815962861 -1.17031870991 -12.6230017876 -4.01192390021
0.330547060776 8.96759063056 -1.17031870991 -12.5582616389 -3.94851522878
0.345111379108 9.00889573718 -1.17031870991 -12.4909585029 -3.90143588076
0.360317419584 9.05052769247 -1.17031870991 -12.4167314765 -3.86559619691
0.376193457287 9.08482199139 -1.17031870991 -12.3488020016 -3.72138918495
0.392769013135 9.12146372081 -1.17031870991 -12.2859070661 -3.4917183115
0.410074908776 9.16191678419 -1.17031870991 -12.2152406904 -3.25059570475
0.428143323898 9.20718795456 -1.17031870991 -12.1496584338 -2.96154547344
0.447007856067 9.25183925436 -1.17031870991 -12.0797143734 -2.68161421494
0.466703583197 9.30201009799 -1.17031870991 -12.0198107796 -2.37962776638
0.487267128783 9.35236962851 -1.17031870991 -11.9563736619 -2.11136031032
0.508736729994 9.40286459315 -1.17031870991 -11.8960700029 -1.86429976778
0.531152308779 9.45357170172 -1.17031870991 -11.8339964618 -1.64671683503
0.554555546096 9.50323693024 -1.17031870991 -11.7730845336 -1.45330978371
0.578989959421 9.55370128334 -1.17031870991 -11.7110969696 -1.28132375897
0.604500983662 9.60205727825 -1.17031870991 -11.6479545512 -1.15513686473
0.631136055646 9.64845168857 -1.17031870991 -11.5852601619 -1.02047663114
0.65894470233 9.69285366176 -1.17031870991 -11.5237121591 -0.90278367253
0.782984001847 9.84933761036 -1.17031870991 -11.2498368791 -0.661632802224
0.817483259608 9.88258693628 -1.17031870991 -11.1626790608 -0.619537748991
0.853502597963 9.91542225669 -1.17031870991 -11.0732076478 -0.599594371309
0.930372374162 9.97786198943 -1.17031870991 -10.8923792692 -0.541318005705
1.01416534252 10.049427103 -1.17031870991 -10.7077701553 -0.494969361619
1.05885074028 10.0763407694 -1.17031870991 -10.6147433435 -0.489255205018
1.10550503275 10.1026805643 -1.17031870991 -10.5210155226 -0.475460840268
1.15421497189 10.1296322468 -1.17031870991 -10.4263135528 -0.480426304968
1.20507113209 10.1537854788 -1.17031870991 -10.3322494646 -0.513523264575
1.25816807852 10.177136423 -1.17031870991 -10.2396622412 -0.517306024084
1.31360454306 10.197551008 -1.17031870991 -10.1473271839 -0.518856408255
1.37148360779 10.2180982773 -1.17031870991 -10.0570514002 -0.519453466311
1.43191289675 10.237604231 -1.17031870991 -9.96928444843 -0.532999644672
1.49500477602 10.256420056 -1.17031870991 -9.88353823109 -0.551074657797
1.56087656268 10.2751928971 -1.17031870991 -9.80109389948 -0.561924312642
1.62965074292 10.2938136398 -1.17031870991 -9.72140581567 -0.54514675639
1.70145519985 10.3122428752 -1.17031870991 -9.64516406187 -0.584358915139
1.77642345127 10.3306034595 -1.17031870991 -9.57255675305 -0.567863239891
1.85469489794 10.3476165632 -1.17031870991 -9.50525910326 -0.605892792576
1.93641508277 10.3637724256 -1.17031870991 -9.44204462815 -0.610234398292
2.0217359615 10.3803627947 -1.17031870991 -9.38307267396 -0.589540748421
2.11081618523 10.3951884957 -1.17031870991 -9.32763576956 -0.597914471137
2.20382139542 10.4096130322 -1.17031870991 -9.27357962888 -0.599350661768
2.30092453188 10.423647336 -1.17031870991 -9.2045933159 -0.614369554318
2.4023061544 10.4370614702 -1.17031870991 -9.13382047048 -0.631010420234
2.50815477844 10.4506968547 -1.17031870991 -9.06127705988 -0.647435823289
2.6186672257 10.4637591445 -1.17031870991 -8.98397613929 -0.670604236261
2.73404899007 10.4765907797 -1.17031870991 -8.89857652447 -0.700619900653
2.85451461979 10.4902904497 -1.17031870991 -8.80669745479 -0.739054870988
2.98028811633 10.5024092879 -1.17031870991 -8.71364329914 -0.779168728533
3.11160335098 10.5148513864 -1.17031870991 -8.62179900814 -0.822153846528
3.24870449967 10.5266479194 -1.17031870991 -8.53035595855 -0.865603194113
3.39184649703 10.5382864671 -1.17031870991 -8.4387800011 -0.913177334385
3.54129551043 10.5498219479 -1.17031870991 -8.34696145498 -0.963026359353
3.69732943493 10.561617093 -1.17031870991 -8.25440792634 -1.01499090056
3.86023840995 10.5733284203 -1.17031870991 -8.16150993512 -1.07157646726
4.03032535887 10.5849448051 -1.17031870991 -8.06803805578 -1.13955938725
4.20790655221 10.5964245937 -1.17031870991 -7.97470898576 -1.20447478923
4.3933121958 10.6081388714 -1.17031870991 -7.88136190667 -1.27274936779
4.58688704473 10.6200857056 -1.17031870991 -7.7887201235 -1.34217763393
4.78899104443 10.6335676663 -1.17031870991 -7.69740399313 -1.41310729296
5.0 10.6484200794 -1.17031870991 -7.60775249778 -1.48788520216