Mass Entropy Slope Intercept Offset
0.303236406149 8.30671997197 -1.16682563529 -12.7263665531 -14.1004768012
0.316597382763 8.32746169197 -1.16682563529 -12.6606409188 -13.9200059671
0.330547060776 8.34616141491 -1.16682563529 -12.5883950828 -13.8101541551
0.392769013135 8.42165981488 -1.16682563529 -12.31509424 -13.0295276683
0.410074908776 8.44628229469 -1.16682563529 -12.250192298 -12.7756809135
0.428143323898 8.47501340383 -1.16682563529 -12.1884755123 -12.4893875809
0.447007856067 8.50253577723 -1.16682563529 -12.1164774703 -12.3470891912
0.466703583197 8.53458757735 -1.16682563529 -12.0583170479 -12.0453148117
0.487267128783 8.56580283969 -1.16682563529 -11.9890272144 -11.9036526294
0.508736729994 8.59902288054 -1.16682563529 -11.9273237153 -11.669316235
0.531152308779 8.63188291285 -1.16682563529 -11.8666592218 -11.4301022504
0.554555546096 8.66436287892 -1.16682563529 -11.8076373672 -11.1836779153
0.578989959421 8.69558721576 -1.16682563529 -11.7458364373 -10.9972691454
0.604500983662 8.72827053628 -1.16682563529 -11.6786622046 -10.8850845729
0.631136055646 8.76176849006 -1.16682563529 -11.6178608311 -10.7097033981
0.65894470233 8.79671320611 -1.16682563529 -11.5563798449 -10.4893635666
0.687978632886 8.83329221142 -1.16682563529 -11.4927047774 -10.0423218295
0.71829183486 8.87011593071 -1.16682563529 -11.4274797069 -9.46188860641
0.749940674555 8.90592947612 -1.16682563529 -11.3576814024 -8.88845366475
0.782984001847 8.93946488287 -1.16682563529 -11.2815920311 -8.39433257967
0.817483259608 8.97114650304 -1.16682563529 -11.1939748864 -8.04250988433
0.853502597963 8.9997761489 -1.16682563529 -11.1045593856 -7.76406310978
0.891108993569 9.02642081312 -1.16682563529 -11.0140073848 -7.53757327336
0.930372374162 9.05138102291 -1.16682563529 -10.9224144626 -7.35583002447
0.971365748579 9.07447806161 -1.16682563529 -10.8308321114 -7.20526093846
1.01416534252 9.09577321729 -1.16682563529 -10.7381555974 -7.10749706712
1.05885074028 9.11575397977 -1.16682563529 -10.6448459202 -7.03687804509
1.10550503275 9.13381448789 -1.16682563529 -10.5508701419 -7.0044314674
1.15421497189 9.15065488611 -1.16682563529 -10.4561443408 -7.08279031344
1.20507113209 9.16599289118 -1.16682563529 -10.3616574366 -7.10647576326
1.25816807852 9.17996690831 -1.16682563529 -10.2683231641 -7.04714267366
1.31360454306 9.19446591898 -1.16682563529 -10.1760012332 -7.16060219525
1.37148360779 9.20814647217 -1.16682563529 -10.0857149119 -7.16448376031
1.43191289675 9.22209406887 -1.16682563529 -9.99762698626 -7.18297119591
1.49500477602 9.2364523043 -1.16682563529 -9.91191934008 -7.30538701633
1.56087656268 9.25057201508 -1.16682563529 -9.82914110897 -7.21499499214
1.62965074292 9.2636906296 -1.16682563529 -9.74902615256 -7.374902336
1.70145519985 9.27493276417 -1.16682563529 -9.67282135762 -7.10032837012
1.77642345127 9.28457787001 -1.16682563529 -9.60046446944 -7.30201188063
1.85469489794 9.29384970815 -1.16682563529 -9.53236418638 -7.12276941718
1.93641508277 9.30429595492 -1.16682563529 -9.46904212002 -7.10811411416
2.0217359615 9.31530615902 -1.16682563529 -9.4099932156 -6.66071824973
2.11081618523 9.3271371571 -1.16682563529 -9.3541834251 -6.79271795314
2.20382139542 9.33849706975 -1.16682563529 -9.30071562191 -6.54454891408
2.30092453188 9.34966506921 -1.16682563529 -9.23235924619 -6.52288314898
2.98028811633 9.40797977195 -1.16682563529 -8.74288776994 -6.82011129877
3.24870449967 9.42499307134 -1.16682563529 -8.5596233119 -7.00651322548
3.39184649703 9.4337628141 -1.16682563529 -8.4683276913 -7.36765646765
3.54129551043 9.44244959093 -1.16682563529 -8.37624795268 -7.58135548336
3.69732943493 9.45203695129 -1.16682563529 -8.28392233391 -7.73157753232
3.86023840995 9.46100123159 -1.16682563529 -8.19100737867 -7.77991803004
4.3933121958 9.49051615442 -1.16682563529 -7.91149440127 -8.37263007539
5.0 9.53060667154 -1.16682563529 -7.63829604787 -8.49782231767