Mass Entropy Slope Intercept Offset
0.303236406149 9.58134337523 -1.18884172269 -12.5665324254 -1.04846980456
0.316597382763 9.62550082803 -1.18884172269 -12.4974598126 -0.965596967959
0.330547060776 9.668068151 -1.18884172269 -12.4250699845 -0.89874899509
0.345111379108 9.71121807232 -1.18884172269 -12.351574558 -0.829190318736
0.360317419584 9.74953248404 -1.18884172269 -12.288089831 -0.750724738702
0.376193457287 9.79295867839 -1.18884172269 -12.2201171207 -0.679257440131
0.392769013135 9.83836429834 -1.18884172269 -12.1548756376 -0.60821427983
0.410074908776 9.88931811008 -1.18884172269 -12.0834002025 -0.543533193586
0.428143323898 9.94235394399 -1.18884172269 -12.020046126 -0.490038903724
0.447007856067 10.0010026515 -1.18884172269 -11.9549853205 -0.420770938948
0.508736729994 10.181336217 -1.18884172269 -11.7671267616 -0.259296097555
0.531152308779 10.2383831548 -1.18884172269 -11.7033200534 -0.236142355933
0.554555546096 10.2914524452 -1.18884172269 -11.6411664926 -0.226230526559
0.578989959421 10.3463563946 -1.18884172269 -11.5818409897 -0.194204403149
0.604500983662 10.4141331865 -1.18884172269 -11.5177979868 -0.162657026719
0.631136055646 10.4657475503 -1.18884172269 -11.4563449761 -0.148236325523
0.65894470233 10.514751545 -1.18884172269 -11.3946225764 -0.136784592221
0.687978632886 10.5729331963 -1.18884172269 -11.3330105791 -0.127453550271
0.71829183486 10.6202096734 -1.18884172269 -16.4273093541 -0.0001045288576
0.749940674555 10.6539862337 -1.18884172269 -11.1978274366 -0.115789747834
0.782984001847 10.6976035169 -1.18884172269 -11.1216424568 -0.112820779941
0.817483259608 10.739957492 -1.18884172269 -11.0340960648 -0.11239664167
0.853502597963 10.7814035339 -1.18884172269 -10.9450267176 -0.113032849076
0.891108993569 10.8220648139 -1.18884172269 -10.8546628121 -0.114305263887
0.930372374162 10.8611349672 -1.18884172269 -10.7638851391 -0.116213886104
0.971365748579 10.8997222906 -1.18884172269 -10.6722009515 -0.118758715727
1.01416534252 10.9382501369 -1.18884172269 -10.5797414501 -0.121939752755
1.05885074028 10.9754452232 -1.18884172269 -10.4864703898 -0.125544928054
1.10550503275 11.0126298859 -1.18884172269 -10.3923399534 -0.129786310759
1.15421497189 11.0484306014 -1.18884172269 -10.298022526 -0.134451831734
1.20507113209 11.0837314888 -1.18884172269 -10.2043393687 -0.139329421844
1.25816807852 11.1191758847 -1.18884172269 -10.1111147301 -0.144207011954
1.31360454306 11.1541476318 -1.18884172269 -10.0193061449 -0.146441774145
1.37148360779 11.1873477297 -1.18884172269 -9.92873455523 -0.155938452239
1.43191289675 11.2215523248 -1.18884172269 -9.84083507319 -0.156309537235
1.49500477602 11.2532568928 -1.18884172269 -9.75521540435 -0.166447632102
1.56087656268 11.2868749717 -1.18884172269 -9.67270447003 -0.169092747308
1.62965074292 11.3181323537 -1.18884172269 -9.59277946777 -0.173902162079
1.70145519985 11.3493114103 -1.18884172269 -9.51593334443 -0.177604187246
1.77642345127 11.3810103119 -1.18884172269 -9.44449154294 -0.17920733624
1.85469489794 11.4117769625 -1.18884172269 -9.37672180581 -0.177402902339
1.93641508277 11.4410481744 -1.18884172269 -9.31370486478 -0.183243723563
2.0217359615 11.4720423064 -1.18884172269 -9.25402559078 -0.181650598844
2.11081618523 11.5012635423 -1.18884172269 -9.19928733562 -0.181429438243
2.20382139542 11.5299032717 -1.18884172269 -9.14566698339 -0.180178158101
2.30092453188 11.5592717742 -1.18884172269 -9.07622863033 -0.182095518479
2.4023061544 11.5867147038 -1.18884172269 -9.00554164096 -0.185444401578
2.50815477844 11.6143250242 -1.18884172269 -8.93276282527 -0.18900258987
2.6186672257 11.6411353147 -1.18884172269 -8.85520160671 -0.194025914517
2.73404899007 11.6679676122 -1.18884172269 -8.76978131522 -0.201351596295
2.85451461979 11.694430784 -1.18884172269 -8.67789475575 -0.210561024816
2.98028811633 11.7200017554 -1.18884172269 -8.58509054141 -0.220816979305
3.11160335098 11.7455367671 -1.18884172269 -8.49292676915 -0.231282238988
3.24870449967 11.7706025677 -1.18884172269 -8.40144810638 -0.242166109058
3.39184649703 11.7949869619 -1.18884172269 -8.30997725282 -0.253677894709
3.54129551043 11.8194288274 -1.18884172269 -8.21768745995 -0.266236206328
3.69732943493 11.8431199249 -1.18884172269 -8.12531116209 -0.279422433528
3.86023840995 11.866453672 -1.18884172269 -8.0322781399 -0.29386449189
4.03032535887 11.8898258251 -1.18884172269 -7.93889670596 -0.309143771027
4.20790655221 11.9128449375 -1.18884172269 -7.84517177417 -0.325469576132
4.3933121958 11.9353809306 -1.18884172269 -7.75217124218 -0.342632602012
4.58688704473 11.9575797101 -1.18884172269 -7.65926628845 -0.360632848666
4.78899104443 11.979847507 -1.18884172269 -7.56763412707 -0.379261010901
5.0 12.0017709203 -1.18884172269 -7.47828237391 -0.397889173137