Mass Entropy Slope Intercept Offset
0.303236406149 9.2750491064 -1.19242886684 -12.5347070744 -2.23647116878
0.316597382763 9.31969452289 -1.19242886684 -12.4703390314 -2.10351375231
0.330547060776 9.3647549569 -1.19242886684 -12.3951503332 -1.97478778723
0.345111379108 9.40769386246 -1.19242886684 -12.3322029474 -1.81764455803
0.360317419584 9.44831724938 -1.19242886684 -12.2596417788 -1.6802237584
0.376193457287 9.4859191981 -1.19242886684 -12.1942621076 -1.53198743288
0.392769013135 9.52659643513 -1.19242886684 -12.1299960869 -1.38417524562
0.410074908776 9.57447886696 -1.19242886684 -12.0584500966 -1.25141996697
0.428143323898 9.62958478466 -1.19242886684 -11.9971855211 -1.08974092564
0.447007856067 9.68836432216 -1.19242886684 -11.9315786741 -0.96851974058
0.466703583197 9.74575524254 -1.19242886684 -11.8697783085 -0.881768008914
0.487267128783 9.80439112562 -1.19242886684 -11.8056354444 -0.739238903351
0.508736729994 9.86113688988 -1.19242886684 -11.7433868211 -0.65745034517
0.578989959421 10.0218934788 -1.19242886684 -11.5544386605 -0.444673099053
0.604500983662 10.0711167464 -1.19242886684 -11.4927152981 -0.409043228615
0.65894470233 10.1655778944 -1.19242886684 -11.3705993464 -0.289319773747
0.687978632886 10.2237787182 -1.19242886684 -11.3081340572 -0.270600216549
0.71829183486 10.2681607495 -1.19242886684 -11.242909512 -0.249181233891
0.749940674555 10.3097275122 -1.19242886684 -11.1731086196 -0.234336394425
0.782984001847 10.3492213408 -1.19242886684 -11.096869377 -0.224157075934
0.817483259608 10.3876740764 -1.19242886684 -11.0094657285 -0.219703624095
0.853502597963 10.4246761032 -1.19242886684 -10.9201198091 -0.217582932742
0.891108993569 10.4601171703 -1.19242886684 -10.829599206 -0.217158794472
0.930372374162 10.4944824738 -1.19242886684 -10.7391939612 -0.218219140148
0.971365748579 10.5273605868 -1.19242886684 -10.6469483482 -0.220763969771
1.01416534252 10.5588783005 -1.19242886684 -10.5554356392 -0.227986015244
1.05885074028 10.5896826365 -1.19242886684 -10.4617198054 -0.230971863054
1.10550503275 10.6189990989 -1.19242886684 -10.3680266994 -0.245459942503
1.15421497189 10.6490979087 -1.19242886684 -10.2733818597 -0.244856580565
1.20507113209 10.6773981528 -1.19242886684 -10.1795280507 -0.25615477607
1.25816807852 10.70569844 -1.19242886684 -10.086188121 -0.255784637015
1.31360454306 10.7330104444 -1.19242886684 -9.99356033038 -0.274562618022
1.37148360779 10.7601217022 -1.19242886684 -9.90443954859 -0.274300036148
1.43191289675 10.7852410796 -1.19242886684 -9.81623659043 -0.28891494333
1.49500477602 10.8096063285 -1.19242886684 -9.72980318897 -0.308597662225
1.56087656268 10.8350232283 -1.19242886684 -9.64789944087 -0.304136974044
1.62965074292 10.858888337 -1.19242886684 -9.56859831172 -0.31908467239
1.70145519985 10.8829442423 -1.19242886684 -9.49201940143 -0.329663725603
1.77642345127 10.907238115 -1.19242886684 -9.41993854342 -0.329542518595
1.85469489794 10.93051909 -1.19242886684 -9.35242771299 -0.3270358929
1.93641508277 10.9526931295 -1.19242886684 -9.28878806676 -0.335358006457
2.0217359615 10.974149046 -1.19242886684 -9.23009243383 -0.333293388411
2.11081618523 10.9955459467 -1.19242886684 -9.17465685078 -0.331463327221
2.20382139542 11.0164351595 -1.19242886684 -9.12088630171 -0.332038631846
2.30092453188 11.0368593373 -1.19242886684 -9.05146240507 -0.340539550075
2.4023061544 11.05676427 -1.19242886684 -8.98073039367 -0.348283842241
2.50815477844 11.0761228561 -1.19242886684 -8.90824871635 -0.357283965568
2.6186672257 11.0958965421 -1.19242886684 -8.8307964298 -0.369005056412
2.73404899007 11.1145937833 -1.19242886684 -8.74504539583 -0.385121556324
2.85451461979 11.1333447289 -1.19242886684 -8.65342960466 -0.405424160108
2.98028811633 11.1517797491 -1.19242886684 -8.56059018869 -0.427191900248
3.11160335098 11.1701665968 -1.19242886684 -8.46839221628 -0.449796861163
3.24870449967 11.1877506522 -1.19242886684 -8.37699972602 -0.473239042852
3.39184649703 11.205473065 -1.19242886684 -8.28528046164 -0.49772775051
3.54129551043 11.2228480099 -1.19242886684 -8.1934509725 -0.523262984135
3.69732943493 11.2402453793 -1.19242886684 -8.10087134632 -0.550054048923
3.86023840995 11.2571762751 -1.19242886684 -8.00782979965 -0.578310250066
4.03032535887 11.275150728 -1.19242886684 -7.91461608738 -0.608031587565
4.20790655221 11.291524066 -1.19242886684 -7.82111650747 -0.639427366614
4.3933121958 11.3077825855 -1.19242886684 -7.727719156 -0.672497587211
4.58688704473 11.3246103048 -1.19242886684 -7.63491306107 -0.70682363897
4.78899104443 11.3416633678 -1.19242886684 -7.5436255856 -0.741986911504
5.0 11.3596862248 -1.19242886684 -7.45391059694 -0.777568794425