Mass Entropy Slope Intercept Offset
0.303236406149 9.32726511445 -1.18703827962 -12.5779080549 -1.90989463185
0.316597382763 9.37208397427 -1.18703827962 -12.5015747854 -1.80237558029
0.330547060776 9.4152501257 -1.18703827962 -12.4375448243 -1.66537891893
0.345111379108 9.45906306124 -1.18703827962 -12.3630338639 -1.54704434148
0.360317419584 9.50041261056 -1.18703827962 -12.2973584564 -1.41513733937
0.376193457287 9.53814769079 -1.18703827962 -12.2268334524 -1.29319758661
0.392769013135 9.58147713845 -1.18703827962 -12.1674815945 -1.15789747834
0.410074908776 9.62904508128 -1.18703827962 -12.1018048779 -1.03532151818
0.428143323898 9.68599150475 -1.18703827962 -12.0334782306 -0.918259355531
0.447007856067 9.74347208561 -1.18703827962 -11.9684390497 -0.810078707973
0.466703583197 9.80245343653 -1.18703827962 -11.9072748689 -0.718058142712
0.487267128783 9.86131725134 -1.18703827962 -11.8435848293 -0.624132176472
0.508736729994 9.91895738042 -1.18703827962 -11.7759398542 -0.514658973014
0.578989959421 10.079762964 -1.18703827962 -11.5932065964 -0.36818080577
0.604500983662 10.1302433356 -1.18703827962 -11.5315101539 -0.268879326292
0.631136055646 10.1777697926 -1.18703827962 -11.4689626858 -0.278821621558
0.65894470233 10.2227047577 -1.18703827962 -11.4075726715 -0.271337644252
0.687978632886 10.28472202 -1.18703827962 -11.3451535629 -0.222672591988
0.71829183486 10.3281887309 -1.18703827962 -11.2802172226 -0.206767406846
0.749940674555 10.3759888606 -1.18703827962 -11.2102460133 -0.195103604408
0.782984001847 10.4101980645 -1.18703827962 -11.1342510515 -0.187681184675
0.817483259608 10.4490899741 -1.18703827962 -11.0467356362 -0.184712216782
0.853502597963 10.4869439665 -1.18703827962 -10.9575546197 -0.183439801971
0.891108993569 10.5289256677 -1.18703827962 -16.6375792413 1.62630325873e-19
0.930372374162 10.5579171548 -1.18703827962 -10.7764105587 -0.184924285918
0.971365748579 10.591446489 -1.18703827962 -10.6847060265 -0.187681184675
1.01416534252 10.6235014168 -1.18703827962 -10.5922568126 -0.191286359974
1.05885074028 10.6552234148 -1.18703827962 -10.4990336523 -0.198813414296
1.10550503275 10.6861932826 -1.18703827962 -10.4048672305 -0.203083150389
1.15421497189 10.7168088856 -1.18703827962 -10.3106034157 -0.204905630612
1.20507113209 10.7459034044 -1.18703827962 -10.2164805999 -0.222009969383
1.25816807852 10.7748083192 -1.18703827962 -10.1234169601 -0.228114594244
1.31360454306 10.8027428076 -1.18703827962 -10.0314497494 -0.238073262313
1.37148360779 10.8306196797 -1.18703827962 -9.94124692886 -0.245686815409
1.43191289675 10.8586229489 -1.18703827962 -9.85322667041 -0.243022738031
1.49500477602 10.8837999418 -1.18703827962 -9.76789469451 -0.260216701375
1.56087656268 10.9104306008 -1.18703827962 -9.68487591388 -0.257171045445
1.62965074292 10.9346115272 -1.18703827962 -9.60527642213 -0.272844664271
1.70145519985 10.9595064395 -1.18703827962 -9.52938310342 -0.282307850147
1.77642345127 10.9841931026 -1.18703827962 -9.45725534847 -0.281331219459
1.85469489794 11.0083812039 -1.18703827962 -9.38967092496 -0.28948153076
1.93641508277 11.0329595183 -1.18703827962 -9.32642657452 -0.285744472508
2.0217359615 11.0545758855 -1.18703827962 -9.26698134219 -0.291399746553
2.11081618523 11.0775843759 -1.18703827962 -9.21194013291 -0.290141596383
2.20382139542 11.0991805582 -1.18703827962 -9.15819893312 -0.289533505744
2.30092453188 11.1216978059 -1.18703827962 -9.08865321536 -0.293445881503
2.4023061544 11.1427764411 -1.18703827962 -9.01791958883 -0.3001436477
2.50815477844 11.1635748413 -1.18703827962 -8.94524250101 -0.307887939865
2.6186672257 11.1837867744 -1.18703827962 -8.86782385872 -0.318143894354
2.73404899007 11.2042448599 -1.18703827962 -8.78200247245 -0.332167342329
2.85451461979 11.224051664 -1.18703827962 -8.69032373237 -0.349330368209
2.98028811633 11.2435391305 -1.18703827962 -8.59791321602 -0.36774922525
3.11160335098 11.262884745 -1.18703827962 -8.50542352609 -0.386795997873
3.24870449967 11.2816992977 -1.18703827962 -8.41404903759 -0.406470686076
3.39184649703 11.2998587507 -1.18703827962 -8.32250479582 -0.426773289861
3.54129551043 11.3183723602 -1.18703827962 -8.2305730773 -0.448122419614
3.69732943493 11.3369476755 -1.18703827962 -8.13777200324 -0.470727380528
3.86023840995 11.3548540165 -1.18703827962 -8.0447249912 -0.494797477798
4.03032535887 11.3726158545 -1.18703827962 -7.95168432362 -0.520123406231
4.20790655221 11.3900716784 -1.18703827962 -7.85813467495 -0.547333081406
4.3933121958 11.4090315611 -1.18703827962 -7.76472921058 -0.576007892936
4.58688704473 11.4261576581 -1.18703827962 -7.67212787345 -0.605729230435
4.78899104443 11.4439085787 -1.18703827962 -7.58060877855 -0.636287788709
5.0 11.4625397181 -1.18703827962 -7.49089255388 -0.667055652176