Mass Entropy Slope Intercept Offset
0.303236406149 9.39796787943 -1.188434699 -12.5661428582 -1.63547717087
0.316597382763 9.44256718526 -1.188434699 -12.5000041631 -1.51905121563
0.330547060776 9.48557590434 -1.188434699 -12.4224215133 -1.42107527515
0.345111379108 9.52816290638 -1.188434699 -12.3550170196 -1.30761828781
0.360317419584 9.57242405452 -1.188434699 -20.4532388687 -1.89735380185e-19
0.376193457287 9.61099440468 -1.188434699 -12.224044361 -1.0787956909
0.392769013135 9.6555002671 -1.188434699 -12.1572194874 -0.97382146896
0.410074908776 9.70692832125 -1.188434699 -12.0920584201 -0.8663024174
0.428143323898 9.75914284211 -1.188434699 -12.02226198 -0.76811440779
0.447007856067 9.81772087656 -1.188434699 -11.9578421862 -0.657935950848
0.466703583197 9.87731737356 -1.188434699 -11.8982396285 -0.589315498716
0.487267128783 9.93668488239 -1.188434699 -11.8276755748 -0.494516428283
0.554555546096 10.1039315886 -1.188434699 -11.6467165191 -0.353534828758
0.578989959421 10.1573228863 -1.188434699 -11.5834613569 -0.283602450312
0.604500983662 10.2057695944 -1.188434699 -11.5233949814 -0.280776712143
0.631136055646 10.2553494699 -1.188434699 -11.4602203747 -0.229084421684
0.65894470233 10.3178788343 -1.188434699 -11.397620088 -0.206555337711
0.687978632886 10.3641131844 -1.188434699 -11.3356195389 -0.190013945163
0.71829183486 10.4078837476 -1.188434699 -11.2704366193 -0.17771393532
0.749940674555 10.4503907396 -1.188434699 -11.2006940553 -0.16880703164
0.782984001847 10.4914563402 -1.188434699 -11.1242106748 -0.162869095854
0.817483259608 10.531132624 -1.188434699 -11.0371634409 -0.160960473637
0.853502597963 10.5694676664 -1.188434699 -10.9478173378 -0.160748404502
0.930372374162 10.6420634141 -1.188434699 -10.7668914096 -0.163293234124
0.971365748579 10.6770499929 -1.188434699 -10.6750660777 -0.165838063747
1.01416534252 10.7110659884 -1.188434699 -10.582410326 -0.169867377316
1.05885074028 10.7437715724 -1.188434699 -10.4892228213 -0.174532898291
1.10550503275 10.7764771369 -1.188434699 -10.3951466785 -0.177964390223
1.15421497189 10.8071647991 -1.188434699 -10.3009888853 -0.189647247811
1.20507113209 10.8390327744 -1.188434699 -10.2070601961 -0.18861473258
1.25816807852 10.8686241578 -1.188434699 -10.1136603652 -0.205009528486
1.31360454306 10.8991575249 -1.188434699 -10.0218348909 -0.210540094494
1.37148360779 10.9279704968 -1.188434699 -9.9316783908 -0.218583564884
1.43191289675 10.9564788206 -1.188434699 -9.84371113459 -0.222220855573
1.49500477602 10.9843129361 -1.188434699 -9.75759655661 -0.228123447756
1.56087656268 11.0115255484 -1.188434699 -9.67548210035 -0.237064986337
1.62965074292 11.0388076158 -1.188434699 -9.59589231729 -0.236226847964
1.70145519985 11.0647323465 -1.188434699 -9.51966738744 -0.248000862912
1.77642345127 11.0895668426 -1.188434699 -9.4474532795 -0.254954288905
1.85469489794 11.1168005143 -1.188434699 -9.37996101365 -0.254193564912
1.93641508277 11.1418259923 -1.188434699 -9.31663369114 -0.258019529446
2.0217359615 11.1663872423 -1.188434699 -9.25766054823 -0.256669195588
2.11081618523 11.1914671829 -1.188434699 -9.20170085143 -0.256189635415
2.20382139542 11.2157016084 -1.188434699 -9.14824960171 -0.252165036965
2.30092453188 11.2386502029 -1.188434699 -9.07905799912 -0.259957050518
2.4023061544 11.2616662926 -1.188434699 -9.00821835009 -0.265608290747
2.50815477844 11.2840083956 -1.188434699 -8.93583221329 -0.272306056944
2.6186672257 11.3057899081 -1.188434699 -8.85834238451 -0.280887569884
2.73404899007 11.3279671455 -1.188434699 -8.77243070474 -0.292817965922
2.85451461979 11.3495875757 -1.188434699 -8.68078043687 -0.307260024284
2.98028811633 11.3705793137 -1.188434699 -8.58799852923 -0.322957913808
3.11160335098 11.3912106308 -1.188434699 -8.49593925464 -0.338655803332
3.24870449967 11.4115294618 -1.188434699 -8.40442680324 -0.354981608437
3.39184649703 11.431522644 -1.188434699 -8.31281916847 -0.372144634317
3.54129551043 11.4514666636 -1.188434699 -8.22064183062 -0.390563491359
3.69732943493 11.4710338018 -1.188434699 -8.12838738188 -0.409819569175
3.86023840995 11.4904626057 -1.188434699 -8.03516492591 -0.43075008854
4.03032535887 11.5097526152 -1.188434699 -7.94184698072 -0.453145744261
4.20790655221 11.528479769 -1.188434699 -7.84837885826 -0.477006536338
4.3933121958 11.5470138254 -1.188434699 -7.75514852488 -0.501913854383
4.58688704473 11.5655916568 -1.188434699 -7.66264135085 -0.527658393202
4.78899104443 11.5847052388 -1.188434699 -7.57079502761 -0.55444945799
5.0 11.6042366383 -1.188434699 -7.4813414064 -0.581240522778