Mass Entropy Slope Intercept Offset
0.303236406149 9.84110950115 -1.19694714815 -12.5037047498 -0.621795865388
0.316597382763 9.88445771541 -1.19694714815 -12.4334306453 -0.560633242339
0.330547060776 9.92330194862 -1.19694714815 -12.3652973951 -0.513419376383
0.360317419584 9.99899879798 -1.19694714815 -12.2284154209 -0.431136551916
0.376193457287 10.0379190787 -1.19694714815 -12.1603522584 -0.394024453251
0.392769013135 10.0788517804 -1.19694714815 -12.095634121 -0.354149439684
0.410074908776 10.1218864722 -1.19694714815 -12.0259577652 -0.3341171019
0.428143323898 10.1688816132 -1.19694714815 -11.964797091 -0.30006009624
0.487267128783 10.33347895 -1.19694714815 -11.7712972506 -0.20418657924
0.554555546096 10.5247859503 -1.19694714815 -11.5854704289 -0.129148831975
0.578989959421 10.5823034788 -1.19694714815 -11.5245643896 -0.124524781227
0.604500983662 10.6432756147 -1.19694714815 -11.4615604081 -0.108195900027
0.631136055646 10.699465008 -1.19694714815 -11.3998269347 -0.100332787126
0.65894470233 10.75453434 -1.19694714815 -11.3386629686 -0.0935224886349
0.687978632886 10.8086012029 -1.19694714815 -11.2767583959 -0.0877966219838
0.71829183486 10.8609307569 -1.19694714815 -11.2116509269 -0.0835552392793
0.749940674555 10.9129622104 -1.19694714815 -11.1420383331 -0.0805862713861
0.782984001847 10.9633887273 -1.19694714815 -11.0655450099 -0.0788897183043
0.817483259608 11.0132903861 -1.19694714815 -10.9781493417 -0.0788897183043
0.853502597963 11.0627977799 -1.19694714815 -10.8889329436 -0.0795259257099
0.891108993569 11.1107720777 -1.19694714815 -10.7985285939 -0.0805862713861
0.930372374162 11.1592161255 -1.19694714815 -10.7078690468 -0.0818586861974
0.971365748579 11.2083539435 -1.19694714815 -10.6160031626 -0.0800767750754
1.01416534252 11.2538481047 -1.19694714815 -10.5236453394 -0.0858879997667
1.05885074028 11.2996418741 -1.19694714815 -10.430184667 -0.0882207602542
1.10550503275 11.3451744343 -1.19694714815 -10.3363020004 -0.0909776590122
1.15421497189 11.3902283004 -1.19694714815 -10.2420169906 -0.0937345577701
1.20507113209 11.4344110256 -1.19694714815 -10.1481994423 -0.0967035256633
1.25816807852 11.4785529333 -1.19694714815 -10.0552048542 -0.0996724935565
1.31360454306 11.521509853 -1.19694714815 -9.96333326902 -0.102853530585
1.37148360779 11.5651285036 -1.19694714815 -9.87278976767 -0.106034567613
1.43191289675 11.6078928168 -1.19694714815 -9.78438300088 -0.109215604642
1.49500477602 11.6507748632 -1.19694714815 -9.69915429232 -0.112184572535
1.56087656268 11.6948553198 -1.19694714815 -9.61661290254 -0.107614786972
1.62965074292 11.7341955879 -1.19694714815 -9.53709837538 -0.11727423178
1.70145519985 11.774791268 -1.19694714815 -9.46079054526 -0.119182853997
1.77642345127 11.8133542407 -1.19694714815 -9.38856540606 -0.122065549871
1.85469489794 11.8535542878 -1.19694714815 -9.32062934211 -0.121977987147
1.93641508277 11.8897144477 -1.19694714815 -9.25776208205 -0.123693630402
2.0217359615 11.9296864181 -1.19694714815 -9.19884027862 -0.122036938837
2.11081618523 11.967627632 -1.19694714815 -9.1432552328 -0.120992042043
2.20382139542 12.0074779442 -1.19694714815 -9.089413392 -0.117961899416
2.30092453188 12.0437221994 -1.19694714815 -9.02026380663 -0.11923892343
2.4023061544 12.0763987634 -1.19694714815 -8.94934480206 -0.123135924599
2.50815477844 12.1147939372 -1.19694714815 -8.87686622326 -0.123964950407
2.6186672257 12.1515151312 -1.19694714815 -8.79923131729 -0.125121691341
2.73404899007 12.1862913475 -1.19694714815 -8.71353119515 -0.130669087583
2.85451461979 12.2215349851 -1.19694714815 -8.62194871517 -0.134950849642
2.98028811633 12.2553856097 -1.19694714815 -8.52898662234 -0.142536836878
3.11160335098 12.2890933675 -1.19694714815 -8.43693170503 -0.149234603075
3.24870449967 12.3223458836 -1.19694714815 -8.34532493443 -0.156141674466
3.39184649703 12.3552086906 -1.19694714815 -8.25395377684 -0.163467356244
3.54129551043 12.3876899496 -1.19694714815 -8.16140009968 -0.171420953603
3.69732943493 12.4201315428 -1.19694714815 -8.06919628148 -0.179793161349
3.86023840995 12.4512278769 -1.19694714815 -7.97604885439 -0.18900258987
4.03032535887 12.4806412994 -1.19694714815 -7.88257119183 -0.198839933971
4.20790655221 12.510947661 -1.19694714815 -7.78946203083 -0.209095888461
4.3933121958 12.5400643881 -1.19694714815 -7.69549829234 -0.220189063724
4.58688704473 12.5679461776 -1.19694714815 -7.6033060659 -0.231700849375
4.78899104443 12.5954993464 -1.19694714815 -7.51194979604 -0.24342194022
5.0 12.6202113267 -1.19694714815 -7.42182531853 -0.255561641452