Mass Entropy Slope Intercept Offset
0.303236406149 9.62490727233 -1.18878023774 -12.5615175892 -0.947736965327
0.316597382763 9.66833369436 -1.18878023774 -12.4918731473 -0.878390358108
0.330547060776 9.71476275731 -1.18878023774 -12.4298642977 -0.801621331156
0.345111379108 9.75213429039 -1.18878023774 -12.3584335517 -0.732009917209
0.360317419584 9.79432955886 -1.18878023774 -12.2902199635 -0.681287027476
0.376193457287 9.83623554496 -1.18878023774 -12.2171530137 -0.611819455129
0.392769013135 9.88001187956 -1.18878023774 -12.1475412039 -0.550531475048
0.410074908776 9.93181427376 -1.18878023774 -12.0845949545 -0.477255305463
0.428143323898 9.98420370512 -1.18878023774 -12.0182174033 -0.414338299033
0.447007856067 10.0421049061 -1.18878023774 -11.9562152352 -0.364301388644
0.508736729994 10.2217875646 -1.18878023774 -11.7645403466 -0.256731720168
0.531152308779 10.2805632957 -1.18878023774 -11.7048095932 -0.205747574011
0.554555546096 10.3358115633 -1.18878023774 -11.644457725 -0.188987801191
0.578989959421 10.4038994171 -1.18878023774 -11.5835647775 -0.162444957584
0.604500983662 10.4575970652 -1.18878023774 -11.5208876235 -0.146963910712
0.631136055646 10.5096551635 -1.18878023774 -11.4574749138 -0.134875970004
0.65894470233 10.5596100946 -1.18878023774 -11.3947476303 -0.124908720648
0.687978632886 10.6083350169 -1.18878023774 -11.3330760147 -0.116638024375
0.71829183486 10.6552603367 -1.18878023774 -11.2680445805 -0.110488019453
0.749940674555 10.7007689955 -1.18878023774 -11.1984733307 -0.106246636748
0.782984001847 10.7451063144 -1.18878023774 -11.1218546215 -0.105146668772
0.817483259608 10.7883180454 -1.18878023774 -11.0346077444 -0.103489737991
0.853502597963 10.8310138472 -1.18878023774 -10.9452316374 -0.104125945396
0.891108993569 10.8728600882 -1.18878023774 -10.8551213525 -0.105398360208
0.930372374162 10.9129315653 -1.18878023774 -10.7639502748 -0.107306982425
0.971365748579 10.9535672287 -1.18878023774 -10.6725408636 -0.109639742912
1.01416534252 10.9925668529 -1.18878023774 -10.5800378027 -0.112608710805
1.05885074028 11.0311135286 -1.18878023774 -10.4866385902 -0.116213886104
1.10550503275 11.0696558378 -1.18878023774 -10.3925536178 -0.120031130538
1.15421497189 11.1069214892 -1.18878023774 -10.2988234724 -0.124060444108
1.20507113209 11.143711158 -1.18878023774 -10.2048732541 -0.128513895947
1.25816807852 11.1794976378 -1.18878023774 -10.1113311102 -0.132967347787
1.31360454306 11.2155851812 -1.18878023774 -10.019616167 -0.137632868762
1.37148360779 11.2521985346 -1.18878023774 -9.92940060586 -0.138868609057
1.43191289675 11.2854531313 -1.18878023774 -9.84137846332 -0.147478245959
1.49500477602 11.3221576682 -1.18878023774 -9.75445545546 -0.142599893586
1.56087656268 11.3538657739 -1.18878023774 -9.67297661436 -0.156637498936
1.62965074292 11.3873480183 -1.18878023774 -9.5935542878 -0.160343888016
1.70145519985 11.4202676056 -1.18878023774 -9.51700098797 -0.164030465757
1.77642345127 11.4528409242 -1.18878023774 -9.44520491043 -0.164786169097
1.85469489794 11.4853875104 -1.18878023774 -9.37707540159 -0.164597271089
1.93641508277 11.5158680427 -1.18878023774 -9.31414215066 -0.166879479184
2.0217359615 11.5461274243 -1.18878023774 -9.25517012152 -0.168675611823
2.11081618523 11.5770318887 -1.18878023774 -9.19974490482 -0.167476142504
2.20382139542 11.6085411436 -1.18878023774 -9.14603864602 -0.165027750987
2.30092453188 11.6388053266 -1.18878023774 -9.07667045254 -0.166606934149
2.4023061544 11.6681204483 -1.18878023774 -9.00579531167 -0.16953720686
2.50815477844 11.6966322681 -1.18878023774 -8.93330409025 -0.172676784765
2.6186672257 11.7251944149 -1.18878023774 -8.85569539942 -0.177281499025
2.73404899007 11.7528613343 -1.18878023774 -8.77017548289 -0.183769960028
2.85451461979 11.7807015836 -1.18878023774 -8.67836802229 -0.192351472968
2.98028811633 11.8077103758 -1.18878023774 -8.58545149033 -0.201351596295
3.11160335098 11.8341556799 -1.18878023774 -8.4933251751 -0.210979635203
3.24870449967 11.8602795717 -1.18878023774 -8.40193397422 -0.221026284499
3.39184649703 11.8863694901 -1.18878023774 -8.31018793471 -0.231491544182
3.54129551043 11.9115796103 -1.18878023774 -8.21836510004 -0.242794024639
3.69732943493 11.9364424464 -1.18878023774 -8.12576566265 -0.254933725871
3.86023840995 11.9611289429 -1.18878023774 -8.03256034289 -0.268119953071
4.03032535887 11.9854959441 -1.18878023774 -7.93928562979 -0.282143401046
4.20790655221 12.0093655572 -1.18878023774 -7.84592706134 -0.297213374989
4.3933121958 12.0330665904 -1.18878023774 -7.75259485445 -0.312911264513
4.58688704473 12.0565216129 -1.18878023774 -7.65955366163 -0.329655680005
4.78899104443 12.0797999271 -1.18878023774 -7.56812606027 -0.346609400691
5.0 12.1029617595 -1.18878023774 -7.47884095889 -0.363772426571