Mass Entropy Slope Intercept Offset
0.303236406149 8.80168392544 -1.15856624216 -12.7729679368 -4.51410361243
0.316597382763 8.83118914246 -1.15856624216 -12.70598106 -4.45896563727
0.330547060776 8.86628069749 -1.15856624216 -12.6359878786 -4.41867250158
0.345111379108 8.9054298459 -1.15856624216 -12.5680189356 -4.36798797826
0.360317419584 8.94590306972 -1.15856624216 -12.4983924061 -4.32599828948
0.376193457287 8.98011610021 -1.15856624216 -12.4333578398 -4.26195341065
0.392769013135 9.01690433693 -1.15856624216 -12.362852319 -4.18666886764
0.410074908776 9.05540551135 -1.15856624216 -12.2985777673 -3.98202215215
0.428143323898 9.09756034094 -1.15856624216 -12.2292299881 -3.72266159976
0.447007856067 9.14157924922 -1.15856624216 -12.1686718453 -3.3833509834
0.466703583197 9.1870721831 -1.15856624216 -12.0988190142 -3.06673176451
0.487267128783 9.23451055588 -1.15856624216 -12.0374726362 -2.73123839258
0.508736729994 9.28204684479 -1.15856624216 -11.9778741249 -2.41907262553
0.531152308779 9.33046990874 -1.15856624216 -11.9126770804 -2.15356206823
0.554555546096 9.37861692473 -1.15856624216 -11.852436512 -1.90522911088
0.578989959421 9.42723991804 -1.15856624216 -11.7930931742 -1.68319272629
0.604500983662 9.47550855975 -1.15856624216 -11.7304210719 -1.47091646535
0.631136055646 9.52207746159 -1.15856624216 -11.6662119924 -1.3439492116
0.65894470233 9.56574258707 -1.15856624216 -11.6047878925 -1.17748976508
0.687978632886 9.607614452 -1.15856624216 -11.5426681418 -1.0951039739
0.71829183486 9.64644036923 -1.15856624216 -11.477486253 -0.987646150191
0.749940674555 9.68401360706 -1.15856624216 -11.4075789837 -0.921829514543
0.891108993569 9.81548981782 -1.15856624216 -11.0643137158 -0.739809181008
1.05885074028 9.92413595664 -1.15856624216 -10.6963292264 -0.668440104534
1.10550503275 9.9489349121 -1.15856624216 -10.6021428129 -0.661429705859
1.15421497189 9.98772716959 -1.15856624216 -10.5079376719 -0.644991878012
1.20507113209 10.0122824491 -1.15856624216 -10.4135937315 -0.621737763616
1.25816807852 10.0347782651 -1.15856624216 -10.320446238 -0.643401887888
1.31360454306 10.0564602691 -1.15856624216 -10.2279977639 -0.637421518596
1.37148360779 10.0759060755 -1.15856624216 -10.1384139554 -0.60961459966
1.43191289675 10.0942121301 -1.15856624216 -10.0503073922 -0.646092305174
1.49500477602 10.1118827756 -1.15856624216 -9.96488152595 -0.658384764736
1.56087656268 10.1291564219 -1.15856624216 -9.88204409258 -0.67434417272
1.62965074292 10.1464804054 -1.15856624216 -9.8027679968 -0.680286727372
1.70145519985 10.1643434203 -1.15856624216 -9.72639040195 -0.676340300414
1.77642345127 10.1816155961 -1.15856624216 -9.65418643304 -0.639615542519
1.85469489794 10.198097944 -1.15856624216 -9.58644072789 -0.680074516678
1.93641508277 10.2143602782 -1.15856624216 -9.52312606428 -0.666994562967
2.0217359615 10.2292526739 -1.15856624216 -9.46429920657 -0.657618820586
2.11081618523 10.2432845174 -1.15856624216 -9.40877799865 -0.679742831845
2.20382139542 10.2570194333 -1.15856624216 -9.35496127476 -0.680520418793
2.30092453188 10.2697437194 -1.15856624216 -9.28589150345 -0.684379877616
2.4023061544 10.2824237505 -1.15856624216 -9.21515361164 -0.708097609863
2.50815477844 10.2946774104 -1.15856624216 -9.14289213125 -0.731810588135
2.6186672257 10.3069494662 -1.15856624216 -9.06544630193 -0.757494587333
2.73404899007 10.3193376966 -1.15856624216 -8.97970580795 -0.785497183582
2.85451461979 10.3307297794 -1.15856624216 -8.88836375153 -0.831930856738
2.98028811633 10.3424277895 -1.15856624216 -8.79533849502 -0.874169383254
3.11160335098 10.3535295043 -1.15856624216 -8.70309873616 -0.927154157481
3.24870449967 10.364604381 -1.15856624216 -8.61185388981 -0.970838171596
3.39184649703 10.3758224475 -1.15856624216 -8.52010002382 -1.02829037723
3.54129551043 10.3866323669 -1.15856624216 -8.42803392294 -1.08698196238
3.69732943493 10.397515301 -1.15856624216 -8.33582109005 -1.14401086103
3.86023840995 10.4083824009 -1.15856624216 -8.24284140968 -1.21846988758
4.03032535887 10.4191539453 -1.15856624216 -8.149480858 -1.28790119836
4.20790655221 10.4301085839 -1.15856624216 -8.05636053475 -1.36270816979
4.3933121958 10.4408590477 -1.15856624216 -7.96298186319 -1.43982678216
4.58688704473 10.4526163789 -1.15856624216 -7.87038155408 -1.51894637482
4.78899104443 10.4648658919 -1.15856624216 -7.7787875984 -1.60526700189
5.0 10.4790261673 -1.15856624216 -7.68924690287 -1.68725437442