Mass Entropy Slope Intercept Offset
0.303236406149 9.09050910642 -1.18830628969 -12.5637771384 -3.19906290489
0.316597382763 9.13256984075 -1.18830628969 -12.4991873954 -3.11550766561
0.330547060776 9.17595165084 -1.18830628969 -12.4262617068 -3.00183860913
0.345111379108 9.21932736392 -1.18830628969 -12.3630594584 -2.81818673802
0.360317419584 9.25791277171 -1.18830628969 -12.2934571922 -2.63411072865
0.376193457287 9.29469625153 -1.18830628969 -12.2249669311 -2.43688643289
0.392769013135 9.33439968901 -1.18830628969 -12.1577165095 -2.23457247788
0.410074908776 9.37855685657 -1.18830628969 -12.0923434288 -2.00451030831
0.428143323898 9.42949282422 -1.18830628969 -12.0219533872 -1.82337042468
0.447007856067 9.4826278506 -1.18830628969 -11.9597061984 -1.61427025734
0.466703583197 9.53656996472 -1.18830628969 -11.8949072145 -1.42362010478
0.487267128783 9.59221227089 -1.18830628969 -11.8329443749 -1.24823892994
0.508736729994 9.64764009812 -1.18830628969 -11.7703103682 -1.0521294087
0.531152308779 9.70093284264 -1.18830628969 -11.7095451317 -0.963362513525
0.554555546096 9.7526490442 -1.18830628969 -11.6454645979 -0.883244501434
0.578989959421 9.80497642256 -1.18830628969 -11.5852095954 -0.745477181288
0.65894470233 9.94573720207 -1.18830628969 -11.3985861393 -0.553331120437
0.687978632886 9.98878670337 -1.18830628969 -11.3366949983 -0.490578070314
0.71829183486 10.0298575339 -1.18830628969 -11.2715344476 -0.427257999921
0.749940674555 10.0689998586 -1.18830628969 -11.2019010828 -0.396300412424
0.782984001847 10.1069457139 -1.18830628969 -11.1254283311 -0.359435183445
0.817483259608 10.1594167011 -1.18830628969 -11.037791184 -0.343551999067
0.853502597963 10.194646117 -1.18830628969 -10.9491538074 -0.332948542306
0.891108993569 10.2291574974 -1.18830628969 -10.8588477247 -0.326374399114
0.930372374162 10.2615328718 -1.18830628969 -10.7678223127 -0.323193362085
0.971365748579 10.2922092182 -1.18830628969 -10.6761464474 -0.32298129295
1.01416534252 10.3212149643 -1.18830628969 -10.5835524117 -0.336773307058
1.05885074028 10.3500143667 -1.18830628969 -10.49066404 -0.32989727268
1.10550503275 10.3772797172 -1.18830628969 -10.3964980029 -0.353007746006
1.15421497189 10.4044551406 -1.18830628969 -10.3024046751 -0.352488788609
1.20507113209 10.4304523935 -1.18830628969 -10.2074709219 -0.359026234309
1.25816807852 10.4550878516 -1.18830628969 -10.1143812287 -0.373482651385
1.31360454306 10.4796848983 -1.18830628969 -10.0226690777 -0.379888939842
1.37148360779 10.5028618182 -1.18830628969 -9.93267348054 -0.388305132202
1.43191289675 10.5253558108 -1.18830628969 -9.8447766389 -0.392641524454
1.49500477602 10.5467680484 -1.18830628969 -9.75924456687 -0.422380029148
1.56087656268 10.5695176916 -1.18830628969 -9.6764901751 -0.400776862981
1.62965074292 10.5905180187 -1.18830628969 -9.59693694538 -0.429622703349
1.70145519985 10.611168143 -1.18830628969 -9.52021178936 -0.447247058873
1.77642345127 10.631775949 -1.18830628969 -9.44847386726 -0.424942735773
1.85469489794 10.6512406649 -1.18830628969 -9.38088292943 -0.451174519308
1.93641508277 10.6701833354 -1.18830628969 -9.31762441782 -0.464424548928
2.0217359615 10.6887295764 -1.18830628969 -9.25854197593 -0.458636454264
2.11081618523 10.7064592062 -1.18830628969 -9.20320420451 -0.463484285035
2.20382139542 10.7236296496 -1.18830628969 -9.1492989986 -0.454816902274
2.30092453188 10.740423378 -1.18830628969 -9.08031617328 -0.47537197464
2.4023061544 10.7569862105 -1.18830628969 -9.00931967027 -0.48672799556
2.50815477844 10.7731152864 -1.18830628969 -8.93673860413 -0.49799232159
2.6186672257 10.7889983926 -1.18830628969 -8.85951652682 -0.513214523197
2.73404899007 10.8040291103 -1.18830628969 -8.77371320172 -0.538241364512
2.85451461979 10.8200288845 -1.18830628969 -8.68199413439 -0.563449581317
2.98028811633 10.8351096671 -1.18830628969 -8.58913797473 -0.593798834397
3.11160335098 10.8508891485 -1.18830628969 -8.49706172495 -0.627783234068
3.24870449967 10.8641939341 -1.18830628969 -8.40575124847 -0.661407482166
3.39184649703 10.8794629066 -1.18830628969 -8.31410127775 -0.691004920238
3.54129551043 10.8932790263 -1.18830628969 -8.22200950071 -0.731626488987
3.69732943493 10.9072997059 -1.18830628969 -8.12965928811 -0.773561775007
3.86023840995 10.9209826122 -1.18830628969 -8.03671582285 -0.813800983483
4.03032535887 10.9347755911 -1.18830628969 -7.94340661533 -0.863848782482
4.20790655221 10.9484412926 -1.18830628969 -7.84984217027 -0.9160765815
4.3933121958 10.9624841592 -1.18830628969 -7.75653852704 -0.966812285288
4.58688704473 10.9766637797 -1.18830628969 -7.66357197737 -1.02097943513
4.78899104443 10.9919210062 -1.18830628969 -7.57243828968 -1.07230974761
5.0 11.0084624676 -1.18830628969 -7.48278441501 -1.12879776096