Mass Entropy Slope Intercept Offset
0.303236406149 9.30190760017 -1.19369314003 -12.5326373994 -2.08542766419
0.316597382763 9.34628687385 -1.19369314003 -12.4635516503 -1.9866636588
0.330547060776 9.39052259792 -1.19369314003 -12.3890810929 -1.86260321469
0.345111379108 9.43507685442 -1.19369314003 -12.3258169166 -1.70991343733
0.360317419584 9.47531352198 -1.19369314003 -12.2524550782 -1.58161161052
0.376193457287 9.50926709908 -1.19369314003 -12.188399512 -1.42102637838
0.392769013135 9.55588961646 -1.19369314003 -12.1194789181 -1.30613380386
0.410074908776 9.60454215511 -1.19369314003 -12.0493260801 -1.13466333479
0.428143323898 9.65858955028 -1.19369314003 -11.988594643 -1.03616979472
0.447007856067 9.71598330289 -1.19369314003 -11.922346088 -0.911049004933
0.466703583197 9.77480342539 -1.19369314003 -11.8575677787 -0.829004482601
0.487267128783 9.83354068274 -1.19369314003 -11.7972765518 -0.71504478376
0.508736729994 9.89099913475 -1.19369314003 -11.7348840411 -0.592545222477
0.578989959421 10.0515883871 -1.19369314003 -11.5466357718 -0.410046381805
0.631136055646 10.1492024622 -1.19369314003 -11.4226611694 -0.327672610561
0.687978632886 10.2551583075 -1.19369314003 -11.2992032318 -0.255119169678
0.71829183486 10.3041945864 -1.19369314003 -11.2340280044 -0.235820878372
0.749940674555 10.3404463012 -1.19369314003 -11.1645942891 -0.222460522853
0.782984001847 10.3804872075 -1.19369314003 -11.0880005419 -0.213553619173
0.817483259608 10.4192950457 -1.19369314003 -11.0008312683 -0.209524305604
0.853502597963 10.4564579542 -1.19369314003 -10.9114800991 -0.207827752522
0.891108993569 10.4924198777 -1.19369314003 -10.821054306 -0.207827752522
0.930372374162 10.5265933233 -1.19369314003 -10.7305903334 -0.209100167333
0.971365748579 10.5596780269 -1.19369314003 -10.6389803158 -0.211857066091
1.01416534252 10.5921404701 -1.19369314003 -10.5460516373 -0.215886379661
1.05885074028 10.6233153763 -1.19369314003 -10.4525494978 -0.214893849957
1.10550503275 10.6536590792 -1.19369314003 -10.3585347053 -0.228260670504
1.15421497189 10.6840533995 -1.19369314003 -10.264736373 -0.233324134276
1.20507113209 10.711896059 -1.19369314003 -10.1708343199 -0.251241989696
1.25816807852 10.7407391791 -1.19369314003 -10.0769411818 -0.259030707077
1.37148360779 10.795905851 -1.19369314003 -9.89557087961 -0.271219528064
1.43191289675 10.8229296371 -1.19369314003 -9.80705313654 -0.278469668149
1.49500477602 10.8468544726 -1.19369314003 -9.72201943693 -0.296887144625
1.56087656268 10.873674998 -1.19369314003 -9.63939401521 -0.291004247215
1.62965074292 10.8975643541 -1.19369314003 -9.55962033978 -0.306920967783
1.70145519985 10.9216220083 -1.19369314003 -9.4835559584 -0.317290037178
1.77642345127 10.9467114011 -1.19369314003 -9.41121041806 -0.316343314002
1.85469489794 10.970818119 -1.19369314003 -9.34331390312 -0.310718105279
1.93641508277 10.9932968678 -1.19369314003 -9.28040758138 -0.321428945238
2.0217359615 11.0154875367 -1.19369314003 -9.22124818718 -0.317928909235
2.11081618523 11.0371943365 -1.19369314003 -9.16577158945 -0.325337158031
2.20382139542 11.0592627189 -1.19369314003 -9.11216039102 -0.315326852431
2.30092453188 11.0797322647 -1.19369314003 -9.04289327562 -0.327562628069
2.4023061544 11.1002612543 -1.19369314003 -8.97178827634 -0.334888309847
2.50815477844 11.1205439527 -1.19369314003 -8.89942196707 -0.343469822787
2.6186672257 11.1405865388 -1.19369314003 -8.82215885081 -0.354772303244
2.73404899007 11.1601985044 -1.19369314003 -8.73626324318 -0.370260887574
2.85451461979 11.1795869975 -1.19369314003 -8.64448152358 -0.38951696539
2.98028811633 11.1984784903 -1.19369314003 -8.55172769034 -0.410238179562
3.11160335098 11.2171591088 -1.19369314003 -8.45951994276 -0.431587309315
3.24870449967 11.2355211041 -1.19369314003 -8.3682938409 -0.453564354649
3.39184649703 11.2537626815 -1.19369314003 -8.27669151539 -0.476378620757
3.54129551043 11.2714929553 -1.19369314003 -8.18469720398 -0.500448718027
3.69732943493 11.2892055237 -1.19369314003 -8.09211789923 -0.525774646459
3.86023840995 11.3064764321 -1.19369314003 -7.9990349609 -0.552356406053
4.03032535887 11.3240089991 -1.19369314003 -7.90567644277 -0.580612607197
4.20790655221 11.3424335788 -1.19369314003 -7.81222130234 -0.610543249889
4.3933121958 11.3589288755 -1.19369314003 -7.71879707864 -0.642357639325
4.58688704473 11.3760207204 -1.19369314003 -7.62633607231 -0.675009249535
4.78899104443 11.3934766553 -1.19369314003 -7.53467482944 -0.708707385713
5.0 11.4121235637 -1.19369314003 -7.4451325807 -0.742196216698