Mass Entropy Slope Intercept Offset
0.303236406149 8.10101860769 -1.17524661965 -12.6803040019 -22.3639627245
0.316597382763 8.12312806365 -1.17524661965 -12.6064089691 -22.4027713762
0.330547060776 8.14547031806 -1.17524661965 -12.5452233928 -22.1334435745
0.345111379108 8.16727680986 -1.17524661965 -12.4756341812 -22.0333469426
0.360317419584 8.18790431338 -1.17524661965 -12.4034552933 -21.9525486021
0.376193457287 8.2052728367 -1.17524661965 -12.3355765049 -21.7572329286
0.392769013135 8.22091232312 -1.17524661965 -12.2708153894 -21.4457033689
0.410074908776 8.23668424069 -1.17524661965 -12.2007719966 -21.2200618091
0.428143323898 8.25193737296 -1.17524661965 -12.1316495376 -20.9551874592
0.447007856067 8.27328720481 -1.17524661965 -12.0732952211 -20.4394353223
0.466703583197 8.29567178137 -1.17524661965 -12.0079161181 -20.0776453776
0.487267128783 8.32062771711 -1.17524661965 -11.9432132775 -19.7024950774
0.508736729994 8.34550689228 -1.17524661965 -11.878044291 -19.3619120462
0.578989959421 8.42961940711 -1.17524661965 -11.6948449648 -18.143150726
0.604500983662 8.4577561501 -1.17524661965 -11.6321351537 -17.812110806
0.631136055646 8.48492366304 -1.17524661965 -11.5679888366 -17.5400261055
0.65894470233 8.51291467122 -1.17524661965 -11.5067391082 -17.2480069063
0.687978632886 8.54136382735 -1.17524661965 -11.4443007573 -17.007732576
0.71829183486 8.57010716769 -1.17524661965 -11.3800506938 -16.8236565667
0.749940674555 8.59997536535 -1.17524661965 -11.3111219804 -16.7422220187
0.782984001847 8.63019542643 -1.17524661965 -11.2362606246 -16.7982082704
0.817483259608 8.6594066308 -1.17524661965 -11.1503236016 -17.0914998845
0.853502597963 8.68705439507 -1.17524661965 -11.0602936192 -17.5194553993
0.891108993569 8.71301889799 -1.17524661965 -10.9691150983 -17.8214418479
0.930372374162 8.73660050594 -1.17524661965 -10.8775420647 -17.9628919611
0.971365748579 8.75851349918 -1.17524661965 -10.7852510592 -18.0398730572
1.01416534252 8.77899057876 -1.17524661965 -10.6923054574 -18.1075231113
1.05885074028 8.79813606384 -1.17524661965 -10.5985039504 -18.1813231704
1.10550503275 8.81554130828 -1.17524661965 -10.5040374984 -18.3191681083
1.15421497189 8.83110474241 -1.17524661965 -10.4094411523 -18.5000630806
1.20507113209 8.8451614435 -1.17524661965 -10.3148471749 -18.7235839492
1.25816807852 8.85789492391 -1.17524661965 -10.2207678104 -18.9630100028
1.31360454306 8.86829706639 -1.17524661965 -10.1286519046 -19.2569378243
1.37148360779 8.8773883395 -1.17524661965 -10.0377969989 -19.5644380703
1.43191289675 8.88655152716 -1.17524661965 -9.94952479868 -19.8623952053
1.49500477602 8.89619500571 -1.17524661965 -9.86345176269 -20.1312988688
1.56087656268 8.90692232775 -1.17524661965 -9.78004250558 -20.3552438756
1.62965074292 8.91798631153 -1.17524661965 -9.70008528298 -20.5533164479
1.70145519985 8.92936835514 -1.17524661965 -9.62342487683 -20.678861376
1.77642345127 8.94039472447 -1.17524661965 -9.55047516861 -20.7197907191
1.85469489794 8.95007135274 -1.17524661965 -9.48190249894 -20.6493837662
1.93641508277 8.95792603301 -1.17524661965 -9.41788244312 -20.5182927851
2.0217359615 8.96439678334 -1.17524661965 -9.35809059198 -20.4497849419
2.11081618523 8.97079153186 -1.17524661965 -9.30236782633 -19.5345535788
2.30092453188 8.98789760438 -1.17524661965 -9.18213590301 -19.3272417326
2.4023061544 8.997632821 -1.17524661965 -9.11139532048 -19.3912124773
2.50815477844 9.00749936745 -1.17524661965 -9.03960294442 -19.3763067224
2.6186672257 9.01716600515 -1.17524661965 -8.96334489469 -19.5642039191
2.73404899007 9.02649698784 -1.17524661965 -8.87908609639 -19.6820784207
2.85451461979 9.03621169759 -1.17524661965 -8.78799634491 -19.7323659335
2.98028811633 9.04462137856 -1.17524661965 -8.69513589599 -20.6826126302
3.11160335098 9.05310697383 -1.17524661965 -8.6032403364 -21.0855556985
3.24870449967 9.06177978064 -1.17524661965 -8.51159294991 -21.48877324
3.39184649703 9.07075768364 -1.17524661965 -8.42044669327 -21.7943601042
3.54129551043 9.07999506516 -1.17524661965 -8.32868183448 -22.2150451349
3.69732943493 9.08951323176 -1.17524661965 -8.23634109641 -22.2739088699
3.86023840995 9.0993968487 -1.17524661965 -8.14354078551 -22.6780853432
4.03032535887 9.11028690661 -1.17524661965 -8.05041028206 -23.4387207227
4.20790655221 9.12217015353 -1.17524661965 -7.95710915703 -23.2497807781
4.3933121958 9.13561517454 -1.17524661965 -7.86357027149 -24.0185543455
4.58688704473 9.14902224402 -1.17524661965 -7.77094362585 -23.635807899
4.78899104443 9.16308359342 -1.17524661965 -7.67948974189 -24.1019453786