Mass Entropy Slope Intercept Offset
0.303236406149 9.56576325242 -1.18707579424 -12.5755865874 -1.06483843821
0.316597382763 9.60978326667 -1.18707579424 -12.5072169699 -0.999481834323
0.330547060776 9.65390163835 -1.18707579424 -12.43237923 -0.927332573523
0.345111379108 9.69345937808 -1.18707579424 -12.3666687745 -0.831795079336
0.360317419584 9.73640733197 -1.18707579424 -12.3005203758 -0.769386822602
0.376193457287 9.77859546746 -1.18707579424 -12.2331760729 -0.695162625273
0.392769013135 9.82310687647 -1.18707579424 -12.1607112136 -0.627724640271
0.410074908776 9.87308092126 -1.18707579424 -12.0986099548 -0.554348719482
0.428143323898 9.92696561897 -1.18707579424 -12.0325659207 -0.499815858946
0.447007856067 9.98566457026 -1.18707579424 -11.96991689 -0.452460880857
0.466703583197 10.0467968216 -1.18707579424 -11.9034232794 -0.321536719022
0.508736729994 10.1649217322 -1.18707579424 -11.7765295163 -0.298656781536
0.531152308779 10.2237688647 -1.18707579424 -11.7193079106 -0.237029813044
0.554555546096 10.2782888521 -1.18707579424 -11.6534663568 -0.221705635866
0.578989959421 10.3298652397 -1.18707579424 -11.5946735348 -0.204011797179
0.604500983662 10.3985717973 -1.18707579424 -11.5291916708 -0.165413925477
0.631136055646 10.4494148581 -1.18707579424 -11.4680470797 -0.150357016876
0.65894470233 10.4989775297 -1.18707579424 -11.4073972363 -0.138269076168
0.687978632886 10.546282502 -1.18707579424 -11.344966265 -0.128938034218
0.71829183486 10.5922821847 -1.18707579424 -11.2797446669 -0.121939752755
0.749940674555 10.6372687919 -1.18707579424 -11.2100413176 -0.11685009351
0.782984001847 10.6804948324 -1.18707579424 -11.1336183172 -0.114093194752
0.817483259608 10.7228558162 -1.18707579424 -11.0462262303 -0.113379643613
0.853502597963 10.7637750885 -1.18707579424 -10.9570425909 -0.113881125617
0.891108993569 10.8033381826 -1.18707579424 -10.8672017093 -0.115153540428
0.930372374162 10.8429239845 -1.18707579424 -10.7761368985 -0.117062162645
0.971365748579 10.8813784291 -1.18707579424 -10.6847393731 -0.119606992268
1.01416534252 10.9185489751 -1.18707579424 -10.5920367455 -0.123000098431
1.05885074028 10.9559451658 -1.18707579424 -10.4983033823 -0.126817342865
1.10550503275 10.9920853568 -1.18707579424 -10.4045531361 -0.130846656435
1.15421497189 11.0280331347 -1.18707579424 -10.3102014378 -0.135724246545
1.20507113209 11.0625738759 -1.18707579424 -10.2162970538 -0.140601836655
1.25816807852 11.097698574 -1.18707579424 -10.1232921237 -0.145040312446
1.31360454306 11.1325009273 -1.18707579424 -10.0315142522 -0.146084851154
1.37148360779 11.1632430581 -1.18707579424 -9.94105275965 -0.159576189348
1.43191289675 11.1987716484 -1.18707579424 -9.85317216068 -0.160595401556
1.49500477602 11.2292441537 -1.18707579424 -9.76789790247 -0.168828399441
1.56087656268 11.2622438826 -1.18707579424 -9.68476757361 -0.172422836042
1.62965074292 11.2951504684 -1.18707579424 -9.60530155506 -0.170636059862
1.70145519985 11.324891499 -1.18707579424 -9.52885746644 -0.17822783709
1.77642345127 11.3549840236 -1.18707579424 -9.45659256211 -0.181787440274
1.85469489794 11.3857331608 -1.18707579424 -9.38881874764 -0.180699085558
1.93641508277 11.4150401383 -1.18707579424 -9.32585839367 -0.185392698051
2.0217359615 11.4448403158 -1.18707579424 -9.26706570418 -0.18461488038
2.11081618523 11.473517955 -1.18707579424 -9.21158279526 -0.183743845526
2.20382139542 11.502616409 -1.18707579424 -9.15785191092 -0.18265765376
2.30092453188 11.5307612604 -1.18707579424 -9.08849381418 -0.184607180803
2.4023061544 11.5585400855 -1.18707579424 -9.01762588243 -0.187956063901
2.50815477844 11.5858219459 -1.18707579424 -8.94503429915 -0.191723557387
2.6186672257 11.6122314584 -1.18707579424 -8.86752955906 -0.196956187229
2.73404899007 11.638355582 -1.18707579424 -8.78186225343 -0.204281869006
2.85451461979 11.6641598015 -1.18707579424 -8.68985194377 -0.213909907915
2.98028811633 11.689437216 -1.18707579424 -8.59736656037 -0.224165862404
3.11160335098 11.7143873588 -1.18707579424 -8.50505584678 -0.23484042728
3.24870449967 11.7389008787 -1.18707579424 -8.41363746133 -0.245933602544
3.39184649703 11.7630370996 -1.18707579424 -8.32206438678 -0.257654693388
3.54129551043 11.7868968455 -1.18707579424 -8.23021344425 -0.270213005008
3.69732943493 11.8103324155 -1.18707579424 -8.13768592981 -0.283817842595
3.86023840995 11.8334783142 -1.18707579424 -8.04458580669 -0.298469206151
4.03032535887 11.8561505444 -1.18707579424 -7.95128706914 -0.313957790481
4.20790655221 11.8788285794 -1.18707579424 -7.85778440742 -0.330702205974
4.3933121958 11.9008248499 -1.18707579424 -7.76430206909 -0.348074537047
4.58688704473 11.9229509724 -1.18707579424 -7.67151366145 -0.366493394088
4.78899104443 11.9445939327 -1.18707579424 -7.58011199082 -0.385330861517
5.0 11.9662568204 -1.18707579424 -7.49072319891 -0.40437763414