Mass Entropy Slope Intercept Offset
0.316597382763 9.75877568726 -1.19658894884 -12.4381009672 -0.754754052271
0.345111379108 9.84081789946 -1.19658894884 -12.2997291929 -0.638964304438
0.360317419584 9.87601283161 -1.19658894884 -12.2346353125 -0.581069430521
0.376193457287 9.91732318195 -1.19658894884 -12.1636908779 -0.529748699796
0.392769013135 9.9626089094 -1.19658894884 -12.1051164206 -0.472277964149
0.410074908776 10.011426623 -1.19658894884 -12.0327799209 -0.437066726757
0.428143323898 10.0635283936 -1.19658894884 -11.967249971 -0.367873914239
0.447007856067 10.1203323592 -1.19658894884 -11.9018489141 -0.31195502544
0.508736729994 10.2999906052 -1.19658894884 -11.7146833102 -0.216491691684
0.554555546096 10.4274662001 -1.19658894884 -11.5872801888 -0.16684085616
0.578989959421 10.4849817956 -1.19658894884 -11.5265837361 -0.148448394659
0.604500983662 10.5401819815 -1.19658894884 -11.4636183882 -0.135088039139
0.631136055646 10.5935314863 -1.19658894884 -11.4042292856 -0.123848374972
0.65894470233 10.6452507851 -1.19658894884 -11.3410498959 -0.115153540428
0.687978632886 10.6957998076 -1.19658894884 -11.2788460178 -0.10794318983
0.71829183486 10.7445732643 -1.19658894884 -11.2140378932 -0.102853530585
0.749940674555 10.7924406235 -1.19658894884 -11.1440625498 -0.0990362861508
0.782984001847 10.8388843148 -1.19658894884 -11.0680029113 -0.0969155947985
0.817483259608 10.8846681966 -1.19658894884 -10.9807517527 -0.0967035256633
0.853502597963 10.9291150852 -1.19658894884 -10.8912745839 -0.0975518022042
0.891108993569 10.973389741 -1.19658894884 -10.8013949456 -0.0986121478803
0.930372374162 11.0162873484 -1.19658894884 -10.7104261788 -0.100520770097
0.971365748579 11.059409646 -1.19658894884 -10.6185710282 -0.102853530585
1.01416534252 11.1015744782 -1.19658894884 -10.5262424829 -0.105610429343
1.05885074028 11.1433133566 -1.19658894884 -10.4327689377 -0.108579397236
1.10550503275 11.1841558621 -1.19658894884 -10.3385746226 -0.112184572535
1.15421497189 11.2237406059 -1.19658894884 -10.2445951679 -0.116001816969
1.20507113209 11.2638000705 -1.19658894884 -10.1504281519 -0.119819061403
1.25816807852 11.3030877 -1.19658894884 -10.057598766 -0.123848374972
1.31360454306 11.3419614406 -1.19658894884 -9.96553339977 -0.127877688542
1.37148360779 11.3799963837 -1.19658894884 -9.87556067114 -0.132119071246
1.43191289675 11.4181622267 -1.19658894884 -9.78730167631 -0.136148384815
1.49500477602 11.4559401848 -1.19658894884 -9.70177966261 -0.139603641652
1.56087656268 11.4924067449 -1.19658894884 -9.61915045734 -0.144024261382
1.62965074292 11.5300467911 -1.19658894884 -9.5395379956 -0.144608615101
1.70145519985 11.5643418591 -1.19658894884 -9.46333627385 -0.151205237151
1.77642345127 11.600271566 -1.19658894884 -9.39111323503 -0.153206457785
1.85469489794 11.6355415897 -1.19658894884 -9.3230554975 -0.153370212778
1.93641508277 11.6703488692 -1.19658894884 -9.26024823551 -0.152326784201
2.0217359615 11.7006465078 -1.19658894884 -9.20136201564 -0.155849009432
2.11081618523 11.7358438096 -1.19658894884 -9.145886681 -0.153078400741
2.20382139542 11.7704894092 -1.19658894884 -9.0920386264 -0.149433081754
2.30092453188 11.8021980458 -1.19658894884 -9.02277523376 -0.152147526118
2.4023061544 11.8337527119 -1.19658894884 -8.95190121106 -0.155751742288
2.50815477844 11.8660664808 -1.19658894884 -8.87944994443 -0.156769590047
2.6186672257 11.8975458596 -1.19658894884 -8.80191749821 -0.160746388726
2.73404899007 11.9282027384 -1.19658894884 -8.71614210475 -0.166397628955
2.85451461979 11.9576107466 -1.19658894884 -8.62421683518 -0.17414192112
2.98028811633 11.9876341831 -1.19658894884 -8.53148697397 -0.182304823673
3.11160335098 12.0169033027 -1.19658894884 -8.43936709716 -0.190677031419
3.24870449967 12.0456148352 -1.19658894884 -8.34764780893 -0.199677154746
3.39184649703 12.0738652495 -1.19658894884 -8.2562474737 -0.209095888461
3.54129551043 12.1015688241 -1.19658894884 -8.16429228442 -0.219142537756
3.69732943493 12.1297759485 -1.19658894884 -8.07163709665 -0.23023571302
3.86023840995 12.1569361721 -1.19658894884 -7.97881657535 -0.241956803864
4.03032535887 12.183739047 -1.19658894884 -7.8853669074 -0.254515115483
4.20790655221 12.2105754613 -1.19658894884 -7.79187645137 -0.267910647877
4.3933121958 12.2368426161 -1.19658894884 -7.69839610475 -0.282143401046
4.58688704473 12.2630079383 -1.19658894884 -7.60587960051 -0.296794764602
4.78899104443 12.2890863212 -1.19658894884 -7.51429650323 -0.312074043738
5.0 12.3141205636 -1.19658894884 -7.42487137372 -0.327353322875