Mass Entropy Slope Intercept Offset
0.303236406149 8.93658053013 -1.17832996128 -12.636457161 -3.92306693255
0.316597382763 8.97306581842 -1.17832996128 -12.5715385448 -3.86623240431
0.330547060776 9.01389458299 -1.17832996128 -12.497949708 -3.84672204387
0.345111379108 9.05618030133 -1.17832996128 -12.427109691 -3.80494442423
0.360317419584 9.09703763075 -1.17832996128 -12.3654942851 -3.65649602957
0.376193457287 9.13186759244 -1.17832996128 -12.2969496326 -3.4730562276
0.392769013135 9.16328309149 -1.17832996128 -12.2235970342 -3.26247157632
0.410074908776 9.21065918148 -1.17832996128 -12.1596151521 -2.99165929064
0.428143323898 9.2557366554 -1.17832996128 -12.0997328112 -2.69539870873
0.447007856067 9.30422150282 -1.17832996128 -12.0295596393 -2.43243298105
0.466703583197 9.35532240624 -1.17832996128 -11.9634795691 -2.1696793225
0.487267128783 9.40600495556 -1.17832996128 -11.9023229232 -1.91710498245
0.508736729994 9.45778840175 -1.17832996128 -11.8409592114 -1.6916754917
0.531152308779 9.50974807665 -1.17832996128 -11.7767705438 -1.49784430211
0.554555546096 9.56003271069 -1.17832996128 -11.7146419474 -1.26940814426
0.578989959421 9.61058186927 -1.17832996128 -11.6531735764 -1.13819525861
0.604500983662 9.6587950638 -1.17832996128 -11.5908544695 -1.03925221147
0.631136055646 9.70566912058 -1.17832996128 -11.5305652568 -0.892601056823
0.65894470233 9.75050652007 -1.17832996128 -11.4680418123 -0.82697252436
0.749940674555 9.87043650981 -1.17832996128 -11.2708091227 -0.616015494408
0.782984001847 9.90725515298 -1.17832996128 -11.1944362705 -0.601022366153
0.817483259608 9.94176153324 -1.17832996128 -11.1069020058 -0.575822469476
0.853502597963 9.97511040876 -1.17832996128 -11.0182136894 -0.535178924977
0.891108993569 10.0073519703 -1.17832996128 -10.9279677259 -0.52729151793
0.971365748579 10.0836162901 -1.17832996128 -10.7450361224 -0.462522783929
1.01416534252 10.1112863196 -1.17832996128 -10.6528248564 -0.456796917278
1.05885074028 10.1383658891 -1.17832996128 -10.5597053831 -0.462588819202
1.10550503275 10.1653317308 -1.17832996128 -10.4653079553 -0.453899901629
1.15421497189 10.1906071708 -1.17832996128 -10.37121167 -0.462722077017
1.20507113209 10.2175520067 -1.17832996128 -10.2767240299 -0.456333631343
1.25816807852 10.2381862831 -1.17832996128 -10.1839145768 -0.496422965925
1.31360454306 10.2611274179 -1.17832996128 -10.0913932277 -0.480619957833
1.37148360779 10.2826667034 -1.17832996128 -10.0014329648 -0.480905292358
1.43191289675 10.3022230957 -1.17832996128 -9.91379823609 -0.512234611878
1.49500477602 10.3215755001 -1.17832996128 -9.82815044404 -0.533921952283
1.56087656268 10.341116368 -1.17832996128 -9.74578641453 -0.532876074315
1.62965074292 10.3604638178 -1.17832996128 -9.66549219875 -0.543317409995
1.70145519985 10.3795102596 -1.17832996128 -9.58895620122 -0.54814737123
1.77642345127 10.3974427287 -1.17832996128 -9.51757301901 -0.58239616712
1.85469489794 10.4160723381 -1.17832996128 -9.44957506102 -0.560227522004
1.93641508277 10.4328210068 -1.17832996128 -9.38668616745 -0.577664165076
2.0217359615 10.4489775718 -1.17832996128 -9.3270282446 -0.583172131649
2.11081618523 10.4644467294 -1.17832996128 -9.27230458839 -0.586985433917
2.20382139542 10.4792120145 -1.17832996128 -9.21833721625 -0.589402533057
2.30092453188 10.4937719258 -1.17832996128 -9.14921877571 -0.60108782003
2.4023061544 10.507595956 -1.17832996128 -9.07834887212 -0.616748477236
2.50815477844 10.5220504155 -1.17832996128 -9.00595927314 -0.624222487807
2.6186672257 10.5359161438 -1.17832996128 -8.92859111467 -0.645960195989
2.73404899007 10.5492868361 -1.17832996128 -8.84291978596 -0.678422546737
2.85451461979 10.562667729 -1.17832996128 -8.75122197479 -0.713684467172
2.98028811633 10.576169874 -1.17832996128 -8.6584444929 -0.754216104894
3.11160335098 10.5884595329 -1.17832996128 -8.56657061066 -0.792798193412
3.24870449967 10.6011076855 -1.17832996128 -8.47469324319 -0.836175740933
3.39184649703 10.613198627 -1.17832996128 -8.3834195223 -0.881218849474
3.54129551043 10.6253568415 -1.17832996128 -8.29147485038 -0.935361481802
3.69732943493 10.637315328 -1.17832996128 -8.19890089254 -0.987006989365
3.86023840995 10.6492178439 -1.17832996128 -8.10599018763 -1.04048332265
4.03032535887 10.661529557 -1.17832996128 -8.01260156141 -1.09825865308
4.20790655221 10.6735374438 -1.17832996128 -7.9189594491 -1.16074202259
4.3933121958 10.6853903585 -1.17832996128 -7.82585055117 -1.22242720011
4.58688704473 10.6978544334 -1.17832996128 -7.73331656009 -1.28787051539
4.78899104443 10.7116927198 -1.17832996128 -7.64192531976 -1.37158096754
5.0 10.7269069514 -1.17832996128 -7.55207970901 -1.44304576417