Mass Entropy Slope Intercept Offset
0.303236406149 7.86959500296 -1.10727320075 -13.1639485977 -31.1697094265
0.316597382763 7.87850313226 -1.10727320075 -13.0908567087 -31.4286458406
0.330547060776 7.88852075564 -1.10727320075 -13.0319585701 -31.1949456536
0.345111379108 7.90208192609 -1.10727320075 -12.9524025444 -31.6311718647
0.360317419584 7.92010647225 -1.10727320075 -12.8909145554 -31.4458234406
0.376193457287 7.93902803411 -1.10727320075 -12.8232725654 -31.4494286159
0.392769013135 7.96003398521 -1.10727320075 -12.7550711884 -31.4093475493
0.410074908776 7.97863438932 -1.10727320075 -12.6899216236 -31.2768043398
0.428143323898 7.9949418376 -1.10727320075 -12.6211770216 -31.2199698115
0.447007856067 8.00880803745 -1.10727320075 -12.5600145666 -30.858391936
0.466703583197 8.02125302825 -1.10727320075 -12.497527577 -30.5103864851
0.487267128783 8.03467982572 -1.10727320075 -12.4332967212 -30.1893138143
0.508736729994 8.04895997733 -1.10727320075 -12.3679396466 -29.8667566597
0.531152308779 8.06488905471 -1.10727320075 -12.3057213603 -29.3826028239
0.554555546096 8.0821063552 -1.10727320075 -12.2428175437 -28.923261077
0.578989959421 8.10171636941 -1.10727320075 -12.1812390219 -28.3990261747
0.604500983662 8.12326075883 -1.10727320075 -12.1197049805 -27.842768833
0.631136055646 8.14558275044 -1.10727320075 -12.0562047557 -27.3416494665
0.65894470233 8.16870072763 -1.10727320075 -11.996992857 -26.7154093102
0.687978632886 8.19167641122 -1.10727320075 -11.9337549021 -26.2255296078
0.71829183486 8.21463042384 -1.10727320075 -11.8706006308 -25.7731861424
0.749940674555 8.23688970483 -1.10727320075 -11.804242511 -25.4434186371
0.782984001847 8.25906778958 -1.10727320075 -11.7322703148 -25.3085426671
0.817483259608 8.28076127222 -1.10727320075 -11.6506875102 -25.4669583111
0.853502597963 8.30266149021 -1.10727320075 -11.561910155 -25.8520758607
0.891108993569 8.3227107908 -1.10727320075 -11.4723197709 -26.4115142394
0.930372374162 8.34281986257 -1.10727320075 -11.3812319978 -27.072745803
1.20507113209 8.43382869134 -1.10727320075 -10.8253349747 -34.7568588488
1.25816807852 8.4446696141 -1.10727320075 -10.7320501388 -36.6818103892
1.31360454306 8.45443336938 -1.10727320075 -10.6404775221 -38.7079189071
1.37148360779 8.46322629032 -1.10727320075 -10.5499660771 -40.8773861605
1.43191289675 8.47057173575 -1.10727320075 -10.4614256249 -43.1422845247
1.49500477602 8.47735453938 -1.10727320075 -10.3750735873 -45.4358122221
1.56087656268 8.48214921331 -1.10727320075 -10.2916204001 -47.8307089662
1.62965074292 8.48620800987 -1.10727320075 -10.2107450977 -50.2323919226
1.70145519985 8.48978515474 -1.10727320075 -10.1330442094 -52.4502109387
1.77642345127 8.49416674775 -1.10727320075 -10.058583885 -54.3815245532
1.85469489794 8.49996849483 -1.10727320075 -9.98802379704 -55.9094826725
1.93641508277 8.50741228361 -1.10727320075 -9.92209095305 -57.000154235
2.0217359615 8.51654927161 -1.10727320075 -9.86057502034 -57.5623495124
2.11081618523 8.52474821888 -1.10727320075 -9.80288566399 -57.8340100747
2.20382139542 8.53235188687 -1.10727320075 -9.74850676486 -57.7661479514
2.30092453188 8.53894512781 -1.10727320075 -9.69259984838 -57.6323323271
2.4023061544 8.54531052076 -1.10727320075 -9.62278812044 -58.2011017477
2.50815477844 8.55188866418 -1.10727320075 -9.55170240027 -58.7459073561
2.6186672257 8.55890865346 -1.10727320075 -9.47900142589 -59.2752319176
2.73404899007 8.56660829194 -1.10727320075 -9.40030286568 -60.0728239352
2.85451461979 8.57505613503 -1.10727320075 -9.31286218494 -61.3465111614
2.98028811633 8.58370431427 -1.10727320075 -9.22063057275 -62.8473244313
3.11160335098 8.59379062015 -1.10727320075 -9.12734621568 -64.2013858597
3.24870449967 8.6036130689 -1.10727320075 -9.03563995185 -65.5193955352
3.39184649703 8.61416178465 -1.10727320075 -8.94361587995 -66.7345516801
3.54129551043 8.62548270789 -1.10727320075 -8.85196025637 -67.7743266501
3.69732943493 8.63742148983 -1.10727320075 -8.75927267479 -68.7093394673
3.86023840995 8.6502382165 -1.10727320075 -8.66619104691 -69.4920866455
4.03032535887 8.66389240025 -1.10727320075 -8.57272317636 -70.0882129846
4.20790655221 8.67889164453 -1.10727320075 -8.47835314561 -70.5117150477
4.3933121958 8.6949032501 -1.10727320075 -8.3838253223 -70.712968657
4.58688704473 8.71185160481 -1.10727320075 -8.28973548891 -70.4934336604
4.78899104443 8.72947322087 -1.10727320075 -8.19634474644 -71.1206622009
5.0 8.7480665088 -1.10727320075 -8.10421817682 -70.4233428282