Mass Entropy Slope Intercept Offset
0.303236406149 9.1246739421 -1.18971275253 -12.5582532937 -3.02156103871
0.316597382763 9.16489853269 -1.18971275253 -12.4835215041 -2.94245925127
0.330547060776 9.20858424798 -1.18971275253 -12.4194684259 -2.78531602206
0.345111379108 9.25484914856 -1.18971275253 -12.3483618975 -2.62202278794
0.360317419584 9.29315271014 -1.18971275253 -12.2785966437 -2.44155195386
0.376193457287 9.32709843999 -1.18971275253 -12.2139426317 -2.24347938156
0.392769013135 9.36964056755 -1.18971275253 -12.1540105956 -2.0348033525
0.410074908776 9.41803984193 -1.18971275253 -12.0771722763 -1.86302735297
0.428143323898 9.46873882465 -1.18971275253 -12.0126132267 -1.6651668498
0.447007856067 9.52095752305 -1.18971275253 -11.9480921249 -1.47409255896
0.466703583197 9.57653706943 -1.18971275253 -11.8842692663 -1.29531827796
0.487267128783 9.6327324491 -1.18971275253 -11.8201979042 -1.1390233253
0.508736729994 9.68789646644 -1.18971275253 -11.7560732824 -1.00427350876
0.531152308779 9.73784499741 -1.18971275253 -11.6959850486 -0.89754505915
0.554555546096 9.79509836501 -1.18971275253 -11.6386360907 -0.785247309482
0.687978632886 10.0310621019 -1.18971275253 -11.3269646412 -0.398924261654
0.782984001847 10.1651280729 -1.18971275253 -11.1155814953 -0.327010606519
0.817483259608 10.2030222446 -1.18971275253 -11.0286208071 -0.314286458406
0.853502597963 10.2386093122 -1.18971275253 -10.9391107123 -0.306864038673
0.891108993569 10.2731577714 -1.18971275253 -10.8489825423 -0.301986448563
0.930372374162 10.3053040974 -1.18971275253 -10.7579698272 -0.300289895481
0.971365748579 10.3368912052 -1.18971275253 -10.666541964 -0.300501964616
1.01416534252 10.3676165549 -1.18971275253 -10.574003926 -0.28276472712
1.05885074028 10.3950122305 -1.18971275253 -10.4807001853 -0.313623156869
1.10550503275 10.4237802439 -1.18971275253 -10.386564703 -0.289868170532
1.15421497189 10.454910936 -1.18971275253 -10.2923008749 -0.331164283763
1.20507113209 10.4765812571 -1.18971275253 -10.1978415156 -0.338536170625
1.25816807852 10.5034173042 -1.18971275253 -10.1042744378 -0.315577618521
1.31360454306 10.5271721681 -1.18971275253 -10.0133343784 -0.359071135132
1.37148360779 10.5507326535 -1.18971275253 -9.9230594359 -0.368768586555
1.43191289675 10.5740425536 -1.18971275253 -9.83424915124 -0.379049933642
1.49500477602 10.5958432457 -1.18971275253 -9.74936502372 -0.401643010443
1.56087656268 10.6190121756 -1.18971275253 -9.66674509221 -0.388950877714
1.62965074292 10.6408606441 -1.18971275253 -9.58694046504 -0.410250107801
1.70145519985 10.6618812703 -1.18971275253 -9.51109261894 -0.425682305501
1.77642345127 10.6830901155 -1.18971275253 -9.43851822943 -0.420020105943
1.85469489794 10.7029751485 -1.18971275253 -9.37107626998 -0.432961405679
1.93641508277 10.7230274595 -1.18971275253 -9.30781622466 -0.413726842357
2.0217359615 10.7413829647 -1.18971275253 -9.24882017403 -0.440043910724
2.11081618523 10.7593353846 -1.18971275253 -9.19356438791 -0.442499046473
2.20382139542 10.7776808772 -1.18971275253 -9.1397842862 -0.4393881571
2.30092453188 10.795226925 -1.18971275253 -9.0705584366 -0.447157813536
2.4023061544 10.8121782246 -1.18971275253 -8.99955085487 -0.457883253372
2.50815477844 10.8290153061 -1.18971275253 -8.9271046549 -0.468252612704
2.6186672257 10.845112115 -1.18971275253 -8.84960633258 -0.484541523309
2.73404899007 10.8611264605 -1.18971275253 -8.76419106041 -0.505681347869
2.85451461979 10.8772138281 -1.18971275253 -8.67218853772 -0.531844497075
2.98028811633 10.8931239547 -1.18971275253 -8.57927363008 -0.560519308606
3.11160335098 10.9083821419 -1.18971275253 -8.48744597823 -0.590449951298
3.24870449967 10.923411321 -1.18971275253 -8.39576393018 -0.622264340734
3.39184649703 10.9389223503 -1.18971275253 -8.30449253986 -0.655753171719
3.54129551043 10.9536563421 -1.18971275253 -8.21238773857 -0.691962970221
3.69732943493 10.9681363284 -1.18971275253 -8.11962563704 -0.730684431047
3.86023840995 10.9825003089 -1.18971275253 -8.02659849244 -0.77212685939
4.03032535887 10.9967198434 -1.18971275253 -7.93351294919 -0.81566233967
4.20790655221 11.0108541103 -1.18971275253 -7.83992089098 -0.861918787468
4.3933121958 11.0249633439 -1.18971275253 -7.74685070162 -0.909640371621
4.58688704473 11.039645757 -1.18971275253 -7.65404160216 -0.95882709213
4.78899104443 11.0554814342 -1.18971275253 -7.56254734216 -1.00595129803
5.0 11.0722701851 -1.18971275253 -7.47302953067 -1.05621701