Mass Entropy Slope Intercept Offset
0.303236406149 8.75229395077 -1.17220968748 -12.6808932733 -5.35220083485
0.316597382763 8.77951177759 -1.17220968748 -12.6086851713 -5.31381632137
0.330547060776 8.81190060574 -1.17220968748 -12.5384316478 -5.26291972892
0.345111379108 8.84881082466 -1.17220968748 -12.4744808588 -5.17681966001
0.360317419584 8.88897845368 -1.17220968748 -12.4036910456 -5.13122479594
0.376193457287 8.92472909115 -1.17220968748 -12.3391157565 -5.05551611466
0.392769013135 8.95913796151 -1.17220968748 -12.2714393037 -4.99719710248
0.410074908776 8.99686316174 -1.17220968748 -12.2033152045 -4.89031425832
0.428143323898 9.03687502132 -1.17220968748 -12.137396782 -4.65088820465
0.447007856067 9.08078052036 -1.17220968748 -12.0768097991 -4.29821723277
0.466703583197 9.12352625901 -1.17220968748 -12.0109511104 -3.92688417699
0.487267128783 9.16710878493 -1.17220968748 -11.9446578212 -3.54961318542
0.508736729994 9.21568746336 -1.17220968748 -11.8812354329 -3.18040082099
0.531152308779 9.26261841702 -1.17220968748 -11.822295633 -2.82688157257
0.554555546096 9.31000371961 -1.17220968748 -11.7607934728 -2.51747270427
0.578989959421 9.35786652581 -1.17220968748 -11.7003813958 -2.2371173075
0.604500983662 9.40458284977 -1.17220968748 -11.6331139149 -2.00384125876
0.631136055646 9.45152553299 -1.17220968748 -11.5726049561 -1.7679677215
0.65894470233 9.4952376715 -1.17220968748 -11.5112222773 -1.61095506729
0.687978632886 9.53699168657 -1.17220968748 -11.4482155862 -1.43686998371
0.71829183486 9.57556572653 -1.17220968748 -11.3832084289 -1.33262203369
0.749940674555 9.61232960532 -1.17220968748 -11.313594979 -1.17478741722
0.782984001847 9.6473263451 -1.17220968748 -11.2371480869 -1.13167100844
0.930372374162 9.77054223288 -1.17220968748 -10.8794570449 -0.955299940461
0.971365748579 9.79829199565 -1.17220968748 -10.7877764971 -0.970776897514
1.01416534252 9.82470216553 -1.17220968748 -10.6952842861 -0.951442936257
1.05885074028 9.84896825951 -1.17220968748 -10.6020821836 -0.903813915594
1.10550503275 9.87351644884 -1.17220968748 -10.507976318 -0.910479420739
1.15421497189 9.89603342576 -1.17220968748 -10.4135245262 -0.871977953806
1.20507113209 9.91810058955 -1.17220968748 -10.3195964034 -0.9024393021
1.25816807852 9.95354209179 -1.17220968748 -10.2268552577 -0.872731933
1.31360454306 9.97599770332 -1.17220968748 -10.134355176 -0.823416922742
1.37148360779 9.99570815161 -1.17220968748 -10.0442170245 -0.864605347746
1.43191289675 10.0142883375 -1.17220968748 -9.95572471783 -0.779995986402
1.49500477602 10.0314352233 -1.17220968748 -9.8704289937 -0.891716085487
1.56087656268 10.048593856 -1.17220968748 -9.78811311849 -0.825557255572
1.62965074292 10.0648338894 -1.17220968748 -9.7084295066 -0.90456697161
1.70145519985 10.0818803597 -1.17220968748 -9.63201394402 -0.877243358419
1.77642345127 10.0985041529 -1.17220968748 -9.5600660227 -0.892983131716
1.85469489794 10.1151374354 -1.17220968748 -9.49133200595 -0.906235817583
1.93641508277 10.1304960209 -1.17220968748 -9.42910652847 -0.895686145146
2.0217359615 10.1450745534 -1.17220968748 -9.37006832413 -0.899348522994
2.11081618523 10.1592105509 -1.17220968748 -9.3146130014 -0.886320140288
2.20382139542 10.1723392477 -1.17220968748 -9.26092346806 -0.880686553303
2.30092453188 10.1849326707 -1.17220968748 -9.19171944125 -0.88199870316
2.4023061544 10.1970497887 -1.17220968748 -9.12106766345 -0.894220364936
2.50815477844 10.2089737533 -1.17220968748 -9.04853166584 -0.931163679124
2.6186672257 10.2210278982 -1.17220968748 -8.97125766692 -0.953437257556
2.73404899007 10.2329186646 -1.17220968748 -8.88567552752 -1.00391298765
2.85451461979 10.2439549968 -1.17220968748 -8.7940289281 -1.04306860099
2.98028811633 10.2547419761 -1.17220968748 -8.70133047141 -1.09902587788
3.11160335098 10.2656319591 -1.17220968748 -8.60925768886 -1.15284732161
3.24870449967 10.2765738962 -1.17220968748 -8.51763119055 -1.21216904194
3.39184649703 10.2869153389 -1.17220968748 -8.42596255256 -1.26188720314
3.54129551043 10.2973265453 -1.17220968748 -8.33419143009 -1.34836974258
3.69732943493 10.3078414007 -1.17220968748 -8.24168063153 -1.41714547161
3.86023840995 10.3184012025 -1.17220968748 -8.14877295978 -1.49070729546
4.03032535887 10.3289060349 -1.17220968748 -8.05549811514 -1.59556060211
4.20790655221 10.339520679 -1.17220968748 -7.96219594709 -1.68292994718
4.3933121958 10.3502794454 -1.17220968748 -7.8687512252 -1.78968955558
4.58688704473 10.3611161097 -1.17220968748 -7.77633758822 -1.88622643132
4.78899104443 10.3730583261 -1.17220968748 -7.6849272114 -1.98054938942
5.0 10.3866922814 -1.17220968748 -7.59517580234 -2.07766964614