Mass Entropy Slope Intercept Offset
0.303236406149 9.86846988804 -1.2066121408 -12.4380593335 -0.629147805037
0.316597382763 9.9097635521 -1.2066121408 -12.3669845425 -0.550243974488
0.330547060776 9.95596166012 -1.2066121408 -12.2937663308 -0.522114210928
0.345111379108 9.99521970749 -1.2066121408 -12.2297359309 -0.476731415989
0.360317419584 10.0315597987 -1.2066121408 -12.1707387331 -0.432196897592
0.376193457287 10.0686019385 -1.2066121408 -12.0939894773 -0.399538250767
0.531152308779 10.4726191776 -1.2066121408 -11.5839618765 -0.170011743173
0.554555546096 10.5430838026 -1.2066121408 -11.5189385957 -0.149158290898
0.604500983662 10.6635324411 -1.2066121408 -11.3949876311 -0.118276429221
0.631136055646 10.7218996487 -1.2066121408 -11.3325605591 -0.107577139095
0.65894470233 10.7792936796 -1.2066121408 -11.2714556219 -0.0982446350258
0.687978632886 10.835856233 -1.2066121408 -11.2096702576 -0.0851139614381
0.71829183486 10.8892382416 -1.2066121408 -11.1450518833 -0.0837921005356
0.749940674555 10.9412528642 -1.2066121408 -11.0751208794 -0.0847567773254
0.782984001847 10.9910248785 -1.2066121408 -10.9987625768 -0.0852525243834
0.817483259608 11.0445211838 -1.2066121408 -10.9111935336 -0.0825788332222
0.853502597963 11.0941860479 -1.2066121408 -10.8223629862 -0.0846155849554
0.891108993569 11.1435625733 -1.2066121408 -10.7320378295 -0.0856759306315
0.930372374162 11.1930956777 -1.2066121408 -10.6408393252 -0.0871604145781
0.971365748579 11.241684175 -1.2066121408 -10.5494158009 -0.0890690367951
1.01416534252 11.3104907673 -1.2066121408 -10.4566659803 -0.0911897281474
1.05885074028 11.3376220868 -1.2066121408 -10.3635347587 -0.0935224886349
1.10550503275 11.3843403352 -1.2066121408 -10.2690946683 -0.0962793873928
1.15421497189 11.4331160217 -1.2066121408 -10.1750340251 -0.0943978104163
1.20507113209 11.4763672973 -1.2066121408 -10.0816532666 -0.102217323179
1.25816807852 11.5215937939 -1.2066121408 -9.98859250355 -0.105398360208
1.31360454306 11.5665103335 -1.2066121408 -9.89666901984 -0.108579397236
1.37148360779 11.6108811881 -1.2066121408 -9.8062084112 -0.1119725034
1.43191289675 11.6557824716 -1.2066121408 -9.71749771508 -0.115153540428
1.49500477602 11.6997121187 -1.2066121408 -9.63268459728 -0.118122508321
1.56087656268 11.7426370728 -1.2066121408 -9.54940177941 -0.120879407079
1.62965074292 11.785833535 -1.2066121408 -9.46977640618 -0.123424236702
1.70145519985 11.8275881434 -1.2066121408 -9.39401848917 -0.125332858919
1.77642345127 11.8689797476 -1.2066121408 -9.32139334844 -0.12660527373
1.85469489794 11.9096931822 -1.2066121408 -9.2540079048 -0.127241481136
1.93641508277 11.9481718536 -1.2066121408 -9.19097489043 -0.128496188942
2.0217359615 11.99010053 -1.2066121408 -9.1321092336 -0.124717744141
2.11081618523 12.0281231145 -1.2066121408 -9.07622239021 -0.125574237559
2.20382139542 12.0675487925 -1.2066121408 -9.02260767029 -0.123367989924
2.30092453188 12.1035553134 -1.2066121408 -8.95341839185 -0.126624101075
2.4023061544 12.143907601 -1.2066121408 -8.88258972711 -0.12506131249
2.50815477844 12.1799896254 -1.2066121408 -8.80997791109 -0.12714694169
2.6186672257 12.2171283896 -1.2066121408 -8.73260189099 -0.1314738504
2.73404899007 12.2503928118 -1.2066121408 -8.64676888684 -0.138519737162
2.85451461979 12.2858711609 -1.2066121408 -8.55511403305 -0.144440576269
2.98028811633 12.3234961731 -1.2066121408 -8.46219409839 -0.150505073732
3.11160335098 12.3602059889 -1.2066121408 -8.37007751005 -0.155304453691
3.24870449967 12.3946569854 -1.2066121408 -8.27855095961 -0.162420830276
3.39184649703 12.4291555045 -1.2066121408 -8.18693210029 -0.169955817247
3.54129551043 12.4623544937 -1.2066121408 -8.09496533119 -0.177909414606
3.69732943493 12.4947048601 -1.2066121408 -8.00235761116 -0.186490927546
3.86023840995 12.5259818319 -1.2066121408 -7.90946295212 -0.195700356067
4.03032535887 12.5559984708 -1.2066121408 -7.8159916807 -0.205747005362
4.20790655221 12.5849827003 -1.2066121408 -7.72261932505 -0.216421570238
4.3933121958 12.6138224491 -1.2066121408 -7.6294169349 -0.227514745502
4.58688704473 12.6423921804 -1.2066121408 -7.53650547933 -0.239235836347
4.78899104443 12.6687238756 -1.2066121408 -7.44479159462 -0.251375537579
5.0 12.6940650699 -1.2066121408 -7.35498639458 -0.26528356216