Mass Entropy Slope Intercept Offset
0.303236406149 9.35047872018 -1.19076376238 -12.5443634106 -1.86578425172
0.316597382763 9.39581353615 -1.19076376238 -12.4788829592 -1.73705828664
0.330547060776 9.44005043224 -1.19076376238 -12.4127993103 -1.60727197588
0.345111379108 9.48383033941 -1.19076376238 -12.3388733478 -1.49148222805
0.360317419584 9.5240982482 -1.19076376238 -12.2748550035 -1.34583279965
0.376193457287 9.56320622726 -1.19076376238 -12.2041763884 -1.24336133983
0.392769013135 9.60450705163 -1.19076376238 -12.1355524439 -1.12608710805
0.410074908776 9.65576532662 -1.19076376238 -12.0753288028 -1.00020200599
0.428143323898 9.71142177391 -1.19076376238 -12.0086840758 -0.883692086489
0.447007856067 9.769657758 -1.19076376238 -11.9424283731 -0.749118880521
0.466703583197 9.82891763362 -1.19076376238 -11.8816350117 -0.68205297022
0.487267128783 9.88814307709 -1.19076376238 -11.816132263 -0.584601801364
0.554555546096 10.0547146484 -1.19076376238 -11.6292005273 -0.404306865878
0.578989959421 10.1060498868 -1.19076376238 -11.5693999317 -0.359806456342
0.604500983662 10.1562837285 -1.19076376238 -11.505417043 -0.321276841789
0.631136055646 10.2041973834 -1.19076376238 -11.4434645924 -0.286194364562
0.65894470233 10.2664894164 -1.19076376238 -11.3812573583 -0.237517431454
0.687978632886 10.3123264365 -1.19076376238 -11.3195432026 -0.217582932742
0.71829183486 10.356307334 -1.19076376238 -11.254294015 -0.202526024141
0.749940674555 10.3981014672 -1.19076376238 -11.1848212109 -0.191710498245
0.782984001847 10.4386829076 -1.19076376238 -11.1085184635 -0.184712216782
0.817483259608 10.4776266339 -1.19076376238 -11.0210273196 -0.181955318024
0.853502597963 10.5154791525 -1.19076376238 -10.931961688 -0.181319110619
0.891108993569 10.5521055602 -1.19076376238 -10.8414006069 -0.181531179754
0.930372374162 10.5872858979 -1.19076376238 -10.7506854452 -0.183227732836
0.971365748579 10.6213839223 -1.19076376238 -10.6586878601 -0.185984631594
1.01416534252 10.6543058653 -1.19076376238 -10.5667789679 -0.189801876028
1.05885074028 10.686942168 -1.19076376238 -10.4732513996 -0.188564381307
1.10550503275 10.7170577475 -1.19076376238 -10.378865161 -0.20354657202
1.15421497189 10.7487473375 -1.19076376238 -10.2841968621 -0.191727464499
1.20507113209 10.7777405891 -1.19076376238 -10.1909399963 -0.219247516493
1.25816807852 10.8076547749 -1.19076376238 -10.0976356175 -0.224034890056
1.31360454306 10.8364825486 -1.19076376238 -10.0057246834 -0.233411958983
1.37148360779 10.8640683129 -1.19076376238 -9.91528947257 -0.243209221631
1.43191289675 10.8927573837 -1.19076376238 -9.82747840805 -0.241124796075
1.49500477602 10.9185225828 -1.19076376238 -9.74144890031 -0.259368101579
1.56087656268 10.9435311268 -1.19076376238 -9.65886453332 -0.270557692027
1.62965074292 10.9702631004 -1.19076376238 -9.57937078559 -0.269079416731
1.70145519985 10.9950501056 -1.19076376238 -9.50332195745 -0.279262216768
1.77642345127 11.0217708938 -1.19076376238 -9.43137497407 -0.276257178721
1.85469489794 11.0459170668 -1.19076376238 -9.36370162999 -0.286129055441
1.93641508277 11.0708194307 -1.19076376238 -9.30069073191 -0.279060691365
2.0217359615 11.0934240576 -1.19076376238 -9.24163389143 -0.287992388357
2.11081618523 11.1165011155 -1.19076376238 -9.18617987557 -0.286600977701
2.20382139542 11.1390229263 -1.19076376238 -9.13241134229 -0.286486666812
2.30092453188 11.1619338944 -1.19076376238 -9.06306248467 -0.289887693211
2.4023061544 11.1838414938 -1.19076376238 -8.99207479553 -0.296585459408
2.50815477844 11.2050859489 -1.19076376238 -8.91961879694 -0.30412044638
2.6186672257 11.2259099522 -1.19076376238 -8.8422072194 -0.313957790481
2.73404899007 11.2468070898 -1.19076376238 -8.75641069516 -0.327562628069
2.85451461979 11.2668799577 -1.19076376238 -8.66485306821 -0.344097738367
2.98028811633 11.2872818427 -1.19076376238 -8.57175870278 -0.362097985022
3.11160335098 11.3069448973 -1.19076376238 -8.48002313433 -0.38030753687
3.24870449967 11.326336455 -1.19076376238 -8.38826545651 -0.399354309492
3.39184649703 11.3455290856 -1.19076376238 -8.29667014374 -0.418819692502
3.54129551043 11.3642905307 -1.19076376238 -8.20472799126 -0.43933160148
3.69732943493 11.3826654856 -1.19076376238 -8.11233882461 -0.461308646814
3.86023840995 11.4013913507 -1.19076376238 -8.01928226975 -0.484750828503
4.03032535887 11.4198136571 -1.19076376238 -7.92586132745 -0.509448841354
4.20790655221 11.4376284609 -1.19076376238 -7.83245967602 -0.536239906142
4.3933121958 11.4553585759 -1.19076376238 -7.73922302094 -0.564077496898
4.58688704473 11.4746236643 -1.19076376238 -7.64631325048 -0.593170918816
4.78899104443 11.4930223578 -1.19076376238 -7.55507545878 -0.622682951121
5.0 11.5118108652 -1.19076376238 -7.46512003154 -0.652822899007