Mass Entropy Slope Intercept Offset
0.303236406149 7.61880335022 -0.996912589711 -13.9716018395 -40.1767097377
0.316597382763 7.61885520504 -0.996912589711 -13.8978626318 -41.8738990269
0.330547060776 7.61889663835 -0.996912589711 -13.831960989 -43.2905208502
0.345111379108 7.61909509592 -0.996912589711 -13.7694398045 -44.5786287775
0.360317419584 7.62073942124 -0.996912589711 -13.699657841 -46.2970249802
0.376193457287 7.62385069237 -0.996912589711 -13.633877859 -47.8264675835
0.392769013135 7.62305414666 -0.996912589711 -13.5692080896 -49.2725670166
0.410074908776 7.62915382623 -0.996912589711 -13.5048464575 -50.6467750128
0.428143323898 7.63761119087 -0.996912589711 -13.4388926575 -51.9688140018
0.447007856067 7.64802043123 -0.996912589711 -13.3742967054 -53.2314736329
0.466703583197 7.66014424183 -0.996912589711 -13.3096561317 -54.4165159605
0.487267128783 7.67275754653 -0.996912589711 -13.2469387311 -55.3763408666
0.508736729994 7.68539197279 -0.996912589711 -13.1843891122 -56.1728725385
0.531152308779 7.69629011398 -0.996912589711 -13.1219548346 -56.7702712924
0.554555546096 7.70560105616 -0.996912589711 -13.0610144402 -57.0179680423
0.578989959421 7.71322381312 -0.996912589711 -12.9999321158 -57.0442646151
0.604500983662 7.72029221149 -0.996912589711 -12.9391160848 -56.8640058501
0.631136055646 7.72751115388 -0.996912589711 -12.8776382627 -56.5615952633
0.65894470233 7.73576319528 -0.996912589711 -12.8195441069 -55.9470189094
0.687978632886 7.74496757545 -0.996912589711 -12.756488653 -55.5470565204
0.71829183486 7.75701426201 -0.996912589711 -12.6942421973 -54.9227249863
0.749940674555 7.77050525427 -0.996912589711 -12.6327303319 -54.3634986767
0.782984001847 7.78570401055 -0.996912589711 -12.5672725984 -54.0369122085
0.817483259608 7.80162053896 -0.996912589711 -12.4969136624 -54.0483639418
0.853502597963 7.8172853899 -0.996912589711 -12.4166170837 -54.7475558806
0.891108993569 7.83228659116 -0.996912589711 -12.329708639 -55.9692861686
0.930372374162 7.84600572202 -0.996912589711 -12.2416407113 -57.4217476758
0.971365748579 7.85836007697 -0.996912589711 -12.1530600529 -59.0616782985
1.01416534252 7.86967487997 -0.996912589711 -12.064163776 -60.9251297897
1.05885074028 7.87997281655 -0.996912589711 -11.975106264 -63.0227056062
1.10550503275 7.8897457072 -0.996912589711 -11.8852011628 -65.3569505776
1.15421497189 7.89769204589 -0.996912589711 -11.7957096441 -68.1096079529
1.20507113209 7.90476828011 -0.996912589711 -11.7057014565 -71.2499277074
1.25816807852 7.91077474741 -0.996912589711 -11.6165584015 -74.6655131994
1.31360454306 7.91586045437 -0.996912589711 -11.5281972073 -78.406624814
1.37148360779 7.92024861694 -0.996912589711 -11.4406259356 -82.473050482
1.43191289675 7.92363062388 -0.996912589711 -11.3548727608 -86.7190987076
1.49500477602 7.92734216186 -0.996912589711 -11.2703631712 -91.0285556046
1.56087656268 7.92989583303 -0.996912589711 -11.188355671 -95.569715502
1.62965074292 7.93261405051 -0.996912589711 -11.1089218137 -100.3434803
1.70145519985 7.93562572284 -0.996912589711 -11.0321954337 -104.957680545
1.77642345127 7.9386555145 -0.996912589711 -10.9582220788 -109.432127229
1.85469489794 7.94147463716 -0.996912589711 -10.8862713645 -113.797570378
1.93641508277 7.94400495051 -0.996912589711 -10.8181804588 -117.793801162
2.0217359615 7.94627206533 -0.996912589711 -10.7528454453 -121.485924806
2.11081618523 7.94879479194 -0.996912589711 -10.691779498 -124.553080709
2.20382139542 7.95248411365 -0.996912589711 -10.6341429993 -126.796984229
2.30092453188 7.95549140179 -0.996912589711 -10.5800610665 -128.836028964
2.4023061544 7.95982769219 -0.996912589711 -10.5296635294 -130.165066235
2.50815477844 7.96553817495 -0.996912589711 -10.481259285 -131.055120395
2.6186672257 7.97248137714 -0.996912589711 -10.4229909366 -133.258306641
2.73404899007 7.98021893441 -0.996912589711 -10.3583282239 -136.297257349
2.85451461979 7.98923520838 -0.996912589711 -10.2922914875 -139.475325409
2.98028811633 7.99955372561 -0.996912589711 -10.2238153254 -143.011578239
3.11160335098 8.01128661924 -0.996912589711 -10.1491047946 -147.454426621
3.24870449967 8.02326215448 -0.996912589711 -10.0663742465 -153.222070892
3.39184649703 8.03538602162 -0.996912589711 -9.97889361101 -159.935755575
3.54129551043 8.04856978732 -0.996912589711 -9.89036255562 -166.903287012
3.86023840995 8.07850896641 -0.996912589711 -9.71113754436 -181.619612581
4.03032535887 8.0954180171 -0.996912589711 -9.62014654002 -189.461505063
4.20790655221 8.11369609325 -0.996912589711 -9.52734643141 -197.934091154
4.3933121958 8.1332879861 -0.996912589711 -9.43276970894 -206.893800047
4.58688704473 8.15439235368 -0.996912589711 -9.33558098272 -212.067226601