Mass Entropy Slope Intercept Offset
0.303236406149 8.46438016206 -1.18178418333 -12.6184404368 -10.5663446627
0.316597382763 8.48147404049 -1.18178418333 -12.5484035038 -10.4448290482
0.330547060776 8.4995662989 -1.18178418333 -12.4839568712 -10.2609651079
0.345111379108 8.5199257963 -1.18178418333 -12.415582431 -10.1148494738
0.360317419584 8.54343291682 -1.18178418333 -12.3509432558 -9.92483552861
0.376193457287 8.57041714555 -1.18178418333 -12.2761954476 -9.84870270906
0.392769013135 8.60104522292 -1.18178418333 -12.2110294431 -9.67353360336
0.410074908776 8.63660391271 -1.18178418333 -12.1413431223 -9.55435074936
0.428143323898 8.66721860729 -1.18178418333 -12.07517904 -9.40335752508
0.447007856067 8.69996253285 -1.18178418333 -12.0142496637 -9.21546427127
0.466703583197 8.73521778545 -1.18178418333 -11.9438138979 -9.12300212831
0.487267128783 8.77233273681 -1.18178418333 -11.8826071214 -8.94041060288
0.508736729994 8.80948248197 -1.18178418333 -11.8224337079 -8.75378976388
0.531152308779 8.84544099696 -1.18178418333 -11.7555970414 -8.63206208026
0.554555546096 8.88243114884 -1.18178418333 -11.6965741867 -8.3300756317
0.578989959421 8.91983295695 -1.18178418333 -11.6367889144 -7.84952697128
0.604500983662 8.95907533947 -1.18178418333 -11.5732404576 -7.29369376785
0.631136055646 8.99988673531 -1.18178418333 -11.508803342 -6.70477777932
0.65894470233 9.04136768398 -1.18178418333 -11.4473251472 -6.09953246739
0.687978632886 9.08212227671 -1.18178418333 -11.3848884122 -5.54836478493
0.71829183486 9.12098507812 -1.18178418333 -11.3196579172 -5.07905578867
0.749940674555 9.15712487788 -1.18178418333 -11.2500732511 -4.69733134527
0.782984001847 9.19107244826 -1.18178418333 -11.1734658842 -4.40001041768
0.817483259608 9.22258004086 -1.18178418333 -11.0863401265 -4.19939301575
0.853502597963 9.25145685211 -1.18178418333 -10.9971509964 -4.03737219644
0.891108993569 9.278741129 -1.18178418333 -10.9065043092 -3.80513308545
0.930372374162 9.30436713152 -1.18178418333 -10.8154845238 -3.75232264351
0.971365748579 9.32818781554 -1.18178418333 -10.7241083441 -3.73708432337
1.01416534252 9.35057892127 -1.18178418333 -10.6312548036 -3.71411345891
1.05885074028 9.37223583576 -1.18178418333 -10.5379749425 -3.59992751386
1.10550503275 9.39137100262 -1.18178418333 -10.444269186 -3.66689815501
1.15421497189 9.40998665385 -1.18178418333 -10.3494886877 -3.58272873752
1.20507113209 9.42834729517 -1.18178418333 -10.2550210524 -3.66591510201
1.25816807852 9.44548072683 -1.18178418333 -10.1616509384 -3.65068401189
1.31360454306 9.46232652633 -1.18178418333 -10.0699048406 -3.66022375833
1.70145519985 9.54939716962 -1.18178418333 -9.56731031712 -3.55074603205
1.77642345127 9.56154749988 -1.18178418333 -9.49502191248 -3.34199520361
1.85469489794 9.57531422165 -1.18178418333 -9.4270913046 -3.40059133927
1.93641508277 9.58920681021 -1.18178418333 -9.36402979049 -3.43561152127
2.0217359615 9.60294480381 -1.18178418333 -9.30485666171 -3.36073495795
2.11081618523 9.61595118829 -1.18178418333 -9.24945456624 -3.02122616536
2.20382139542 9.62820756904 -1.18178418333 -9.19563213427 -3.17657201871
2.30092453188 9.63932569963 -1.18178418333 -9.1268509794 -3.14801268378
2.4023061544 9.65027187458 -1.18178418333 -9.05617245655 -3.02364622577
2.50815477844 9.6608444545 -1.18178418333 -8.98366094098 -3.07646279055
2.6186672257 9.67110495539 -1.18178418333 -8.90666065662 -3.18492943614
2.73404899007 9.68798239659 -1.18178418333 -8.82093742807 -3.11474710037
2.85451461979 9.69860963117 -1.18178418333 -8.7296236816 -3.21581903316
2.98028811633 9.70816804763 -1.18178418333 -8.63683698421 -3.26731222957
3.11160335098 9.71729177159 -1.18178418333 -8.54487276919 -3.34617093073
3.24870449967 9.72623905484 -1.18178418333 -8.45331486123 -3.4489386133
3.39184649703 9.73519654627 -1.18178418333 -8.36207299233 -3.4534265817
3.54129551043 9.74431095057 -1.18178418333 -8.27022138 -3.50615088678
3.69732943493 9.75409682465 -1.18178418333 -8.17767986449 -3.85157858595
3.86023840995 9.76321152588 -1.18178418333 -8.08484590574 -3.84298592111
4.03032535887 9.77249963393 -1.18178418333 -7.99146075457 -4.12502458725
4.20790655221 9.78181692536 -1.18178418333 -7.89849740211 -4.22176552044
4.3933121958 9.79120454781 -1.18178418333 -7.8051969965 -4.46485743106
4.58688704473 9.80099281725 -1.18178418333 -7.71261643657 -4.58737902741
4.78899104443 9.81136588626 -1.18178418333 -7.62158202267 -4.73677620442
5.0 9.82276457006 -1.18178418333 -7.53188386974 -4.90558323606