Mass Entropy Slope Intercept Offset
0.303236406149 9.65577035911 -1.19834861431 -12.4978213739 -0.95665030437
0.316597382763 9.69650834398 -1.19834861431 -12.4248458498 -0.874016078636
0.330547060776 9.74000065604 -1.19834861431 -12.3591583824 -0.816042032352
0.345111379108 9.77770889127 -1.19834861431 -12.2889492131 -0.751851083093
0.360317419584 9.81856486671 -1.19834861431 -12.2223892213 -0.68371089197
0.376193457287 9.86074995115 -1.19834861431 -12.1562752022 -0.550781168295
0.410074908776 9.95493483514 -1.19834861431 -12.0209735308 -0.527203904117
0.428143323898 10.0094704448 -1.19834861431 -11.9604537332 -0.447440443077
0.447007856067 10.065740212 -1.19834861431 -11.8910419731 -0.408627879685
0.554555546096 10.3614064216 -1.19834861431 -11.5770023538 -0.204378130498
0.578989959421 10.4298834162 -1.19834861431 -11.5134460011 -0.171351861263
0.604500983662 10.4837354963 -1.19834861431 -11.4516897212 -0.155234606986
0.631136055646 10.535850513 -1.19834861431 -11.391799958 -0.142086320602
0.65894470233 10.5865863031 -1.19834861431 -11.3292450692 -0.13148286384
0.687978632886 10.6352687711 -1.19834861431 -11.2668560936 -0.123424236702
0.71829183486 10.6830640486 -1.19834861431 -11.2018661837 -0.117062162645
0.749940674555 10.7294676786 -1.19834861431 -11.1323233362 -0.112820779941
0.782984001847 10.7741973698 -1.19834861431 -11.0559490505 -0.110275950318
0.817483259608 10.8185789198 -1.19834861431 -10.9686088412 -0.110063881183
0.853502597963 10.8613283319 -1.19834861431 -10.8792487609 -0.110700088588
0.891108993569 10.9033991473 -1.19834861431 -10.7890435423 -0.112184572535
0.930372374162 10.9450249008 -1.19834861431 -10.6982229964 -0.114093194752
0.971365748579 10.9861974183 -1.19834861431 -10.6063233899 -0.116638024375
1.01416534252 11.0258188982 -1.19834861431 -10.5140721712 -0.119606992268
1.05885074028 11.066503119 -1.19834861431 -10.4207542542 -0.121488855827
1.10550503275 11.1041068726 -1.19834861431 -10.3264156134 -0.127241481136
1.15421497189 11.1427262886 -1.19834861431 -10.2322565162 -0.131694932976
1.20507113209 11.1802429024 -1.19834861431 -10.1385923708 -0.136148384815
1.25816807852 11.2178730498 -1.19834861431 -10.0450098547 -0.14081390579
1.31360454306 11.2544424467 -1.19834861431 -9.95342190509 -0.145479426765
1.37148360779 11.2897131344 -1.19834861431 -9.86312705713 -0.152104654032
1.43191289675 11.325161905 -1.19834861431 -9.7751015554 -0.15778095956
1.49500477602 11.362362746 -1.19834861431 -9.6893692329 -0.157462377217
1.56087656268 11.3974200033 -1.19834861431 -9.60692063546 -0.162211947975
1.62965074292 11.429280968 -1.19834861431 -9.52732021257 -0.171157016441
1.70145519985 11.4660853203 -1.19834861431 -9.45095445881 -0.166528638767
1.77642345127 11.4983458279 -1.19834861431 -9.3789523355 -0.171430962357
1.85469489794 11.5302018827 -1.19834861431 -9.31104641815 -0.175210396092
1.93641508277 11.5639687637 -1.19834861431 -9.24795464244 -0.170555437453
2.0217359615 11.5932829197 -1.19834861431 -9.18920993411 -0.177217918112
2.11081618523 11.626436353 -1.19834861431 -9.13361689798 -0.174351317663
2.20382139542 11.6565817971 -1.19834861431 -9.07994625105 -0.173776969323
2.30092453188 11.6878959229 -1.19834861431 -9.01068648929 -0.176174774181
2.4023061544 11.7186528065 -1.19834861431 -8.93953312602 -0.177072193831
2.50815477844 11.7484771862 -1.19834861431 -8.86700018718 -0.18042107693
2.6186672257 11.7774520924 -1.19834861431 -8.78955244019 -0.18502579119
2.73404899007 11.8064668338 -1.19834861431 -8.70397792631 -0.191723557387
2.85451461979 11.8341662741 -1.19834861431 -8.61209644038 -0.200305070327
2.98028811633 11.8622112879 -1.19834861431 -8.51933764491 -0.209723804041
3.11160335098 11.8896056202 -1.19834861431 -8.42694152842 -0.219561148143
3.24870449967 11.916590694 -1.19834861431 -8.33550449948 -0.229817102632
3.39184649703 11.9430667278 -1.19834861431 -8.24410019457 -0.240700972702
3.54129551043 11.9688075626 -1.19834861431 -8.15213742471 -0.252212758353
3.69732943493 11.9949858818 -1.19834861431 -8.05944133196 -0.264771069973
3.86023840995 12.0202816893 -1.19834861431 -7.96667453609 -0.278166602366
4.03032535887 12.0455822014 -1.19834861431 -7.87335687998 -0.292399355535
4.20790655221 12.06961424 -1.19834861431 -7.77971942691 -0.307887939865
4.3933121958 12.0943893229 -1.19834861431 -7.68653826636 -0.324004439777
4.58688704473 12.1183878412 -1.19834861431 -7.59347016965 -0.340958160463
4.78899104443 12.1428073785 -1.19834861431 -7.50210901368 -0.358330491536
5.0 12.1667763024 -1.19834861431 -7.412856379 -0.375702822609