Mass Entropy Slope Intercept Offset
0.303236406149 9.21885507193 -1.19030264701 -12.5544716337 -2.49902268951
0.316597382763 9.26286105404 -1.19030264701 -12.4783413825 -2.38959501573
0.330547060776 9.30663675773 -1.19030264701 -12.4154268093 -2.2250293668
0.345111379108 9.35046510993 -1.19030264701 -12.3424696289 -2.07700511041
0.360317419584 9.39024980084 -1.19030264701 -12.2811756165 -1.90162393558
0.376193457287 9.4269365768 -1.19030264701 -12.2134983446 -1.74135961228
0.392769013135 9.46697554462 -1.19030264701 -12.1422858932 -1.59263920555
0.410074908776 9.51703381349 -1.19030264701 -12.074195728 -1.43676839116
0.428143323898 9.57095124193 -1.19030264701 -12.0139031396 -1.26859756693
0.447007856067 9.62623311936 -1.19030264701 -11.9474539717 -1.11930089573
0.466703583197 9.68393078908 -1.19030264701 -11.8788542728 -0.983364580045
0.487267128783 9.74118378978 -1.19030264701 -11.8194439118 -0.874581327182
0.508736729994 9.79836684337 -1.19030264701 -11.7560586102 -0.708479494968
0.531152308779 9.85272405526 -1.19030264701 -11.6944129122 -0.678502864693
0.604500983662 10.0067399799 -1.19030264701 -11.5095102485 -0.470808125125
0.631136055646 10.0547900908 -1.19030264701 -11.4484420431 -0.377327103209
0.65894470233 10.0994670321 -1.19030264701 -11.3848123842 -0.374832187418
0.687978632886 10.1436426079 -1.19030264701 -11.32270299 -0.318402835038
0.71829183486 10.2001362887 -1.19030264701 -11.2576756569 -0.28523298688
0.749940674555 10.2422757433 -1.19030264701 -11.187827799 -0.265722626439
0.782984001847 10.2819229702 -1.19030264701 -11.1115068952 -0.25278640919
0.817483259608 10.3196389057 -1.19030264701 -11.0240389696 -0.246424335133
0.853502597963 10.3563669602 -1.19030264701 -10.9349982159 -0.236975706852
0.891108993569 10.3913973706 -1.19030264701 -10.8448011742 -0.241122606753
0.930372374162 10.4245663533 -1.19030264701 -10.7537130659 -0.241334675888
0.971365748579 10.4573278512 -1.19030264701 -10.661703627 -0.24345536724
1.01416534252 10.4877594561 -1.19030264701 -10.5696647154 -0.253720815296
1.05885074028 10.5173644297 -1.19030264701 -10.4762995749 -0.256485237795
1.10550503275 10.5458544962 -1.19030264701 -10.3821712209 -0.270838991561
1.15421497189 10.5750928653 -1.19030264701 -10.2879164012 -0.271734224215
1.20507113209 10.6037854243 -1.19030264701 -10.1943272949 -0.264146476286
1.25816807852 10.6302527504 -1.19030264701 -10.1003950976 -0.287935841277
1.31360454306 10.6565006763 -1.19030264701 -10.0091341067 -0.292002542013
1.37148360779 10.6822515566 -1.19030264701 -9.9183471794 -0.30207283446
1.43191289675 10.7067936218 -1.19030264701 -9.83080161853 -0.306555805774
1.49500477602 10.7314471404 -1.19030264701 -9.74525720679 -0.312182881304
1.56087656268 10.7546570278 -1.19030264701 -9.66257620811 -0.332699150403
1.62965074292 10.7776460251 -1.19030264701 -9.58296861381 -0.34814990579
1.70145519985 10.8000170892 -1.19030264701 -9.5066899357 -0.359692348005
1.77642345127 10.8225922393 -1.19030264701 -9.43468297179 -0.359770061369
1.85469489794 10.8447679095 -1.19030264701 -9.36633455865 -0.367836414632
1.93641508277 10.8662016447 -1.19030264701 -9.30383780393 -0.366171742422
2.0217359615 10.886697327 -1.19030264701 -9.24441429134 -0.365213730476
2.11081618523 10.9070239968 -1.19030264701 -9.1892791811 -0.364247800953
2.20382139542 10.9266226131 -1.19030264701 -9.13568594216 -0.36544686812
2.30092453188 10.9457227947 -1.19030264701 -9.06632727481 -0.372614695855
2.4023061544 10.9641459593 -1.19030264701 -8.99528147432 -0.381354062838
2.50815477844 10.9829851079 -1.19030264701 -8.92294705086 -0.39119140694
2.6186672257 11.0012492056 -1.19030264701 -8.84538231035 -0.403959023753
2.73404899007 11.0188417601 -1.19030264701 -8.75962462967 -0.421749965213
2.85451461979 11.0363261011 -1.19030264701 -8.66818313686 -0.443727010547
2.98028811633 11.0536166124 -1.19030264701 -8.57519547854 -0.468006413011
3.11160335098 11.0710238796 -1.19030264701 -8.48321204576 -0.493123036249
3.24870449967 11.0874655882 -1.19030264701 -8.39169203643 -0.519704795843
3.39184649703 11.1042208894 -1.19030264701 -8.30009675507 -0.547542386599
3.54129551043 11.1205978631 -1.19030264701 -8.20811369267 -0.576845113711
3.69732943493 11.1378626383 -1.19030264701 -8.11539901549 -0.608240892759
3.86023840995 11.1538344773 -1.19030264701 -8.02250642943 -0.640473892582
4.03032535887 11.1693821722 -1.19030264701 -7.92908740125 -0.674799944341
4.20790655221 11.1849123064 -1.19030264701 -7.83562706248 -0.710172522069
4.3933121958 11.2003095243 -1.19030264701 -7.74247420777 -0.747219541345
4.58688704473 11.2161342755 -1.19030264701 -7.64990719957 -0.784894476203
4.78899104443 11.2328486911 -1.19030264701 -7.5583248382 -0.823615937029
5.0 11.2504221947 -1.19030264701 -7.46859565471 -0.862965313436