Mass Entropy Slope Intercept Offset
0.316597382763 9.71007589455 -1.19341562919 -12.4594906859 -0.811512442418
0.330547060776 9.75079946989 -1.19341562919 -12.391162152 -0.760691988058
0.345111379108 9.7922372327 -1.19341562919 -12.3263751709 -0.694950556137
0.360317419584 9.83300981649 -1.19341562919 -12.2527021324 -0.638328097032
0.376193457287 9.87486990888 -1.19341562919 -12.1874553523 -0.57619184041
0.392769013135 9.91884782764 -1.19341562919 -12.1228756415 -0.516812482547
0.410074908776 9.96681541721 -1.19341562919 -12.0549559526 -0.445081583336
0.428143323898 10.0214014505 -1.19341562919 -11.9869149057 -0.402403748996
0.447007856067 10.0774558165 -1.19341562919 -11.9213631628 -0.372802024643
0.531152308779 10.3179316726 -1.19341562919 -11.6704689832 -0.195981153728
0.554555546096 10.3727284417 -1.19341562919 -11.6095947924 -0.186332537742
0.578989959421 10.4416316498 -1.19341562919 -11.5522480264 -0.157143229203
0.604500983662 10.49579061 -1.19341562919 -11.4886896179 -0.142722528007
0.631136055646 10.5485457479 -1.19341562919 -11.425287601 -0.13105872557
0.65894470233 10.599043241 -1.19341562919 -11.3627400956 -0.121515614485
0.687978632886 10.6480991608 -1.19341562919 -11.3012435086 -0.113881125617
0.71829183486 10.6965919434 -1.19341562919 -11.2359187706 -0.108155258966
0.749940674555 10.7427824564 -1.19341562919 -11.1662727229 -0.104125945396
0.782984001847 10.7883853741 -1.19341562919 -11.0900620463 -0.101793184909
0.817483259608 10.8326227724 -1.19341562919 -11.0028365635 -0.101581115774
0.853502597963 10.8758125752 -1.19341562919 -10.9135638645 -0.102217323179
0.891108993569 10.9182474909 -1.19341562919 -10.8230334312 -0.103489737991
0.930372374162 10.9604417453 -1.19341562919 -10.7320517436 -0.105398360208
0.971365748579 11.0016103723 -1.19341562919 -10.6406965739 -0.107731120695
1.01416534252 11.0420316323 -1.19341562919 -10.5480242547 -0.110700088588
1.05885074028 11.0821667446 -1.19341562919 -10.4544517736 -0.114093194752
1.10550503275 11.1214422634 -1.19341562919 -10.3606636828 -0.117698370051
1.15421497189 11.1597141025 -1.19341562919 -10.2663946404 -0.121939752755
1.20507113209 11.1976571094 -1.19341562919 -10.1724830493 -0.125969066325
1.25816807852 11.2352771994 -1.19341562919 -10.0793614491 -0.130210449029
1.31360454306 11.2727872258 -1.19341562919 -9.98757358168 -0.134663900869
1.37148360779 11.3094605876 -1.19341562919 -9.89712845342 -0.139117352709
1.43191289675 11.3472573205 -1.19341562919 -9.8092834088 -0.134862536046
1.49500477602 11.3811646102 -1.19341562919 -9.72347946543 -0.149267551923
1.56087656268 11.4181580468 -1.19341562919 -9.64112652293 -0.146722462307
1.62965074292 11.4505583249 -1.19341562919 -9.56041980259 -0.157785339112
1.70145519985 11.4848726688 -1.19341562919 -9.4849783462 -0.160308836903
1.77642345127 11.5196942744 -1.19341562919 -9.41309917128 -0.159237543451
1.85469489794 11.5533621065 -1.19341562919 -9.34504349181 -0.159998598554
1.93641508277 11.5832285686 -1.19341562919 -9.282157548 -0.165376920648
2.0217359615 11.6172323437 -1.19341562919 -9.22320380639 -0.163498562956
2.11081618523 11.6498757714 -1.19341562919 -9.16765358526 -0.160605576639
2.20382139542 11.6805667617 -1.19341562919 -9.11402296587 -0.160297684126
2.30092453188 11.71355915 -1.19341562919 -9.04465678034 -0.157190352081
2.4023061544 11.7433164862 -1.19341562919 -8.97369002939 -0.164095271825
2.50815477844 11.7728133004 -1.19341562919 -8.90121474252 -0.167025544536
2.6186672257 11.8027519754 -1.19341562919 -8.82360308173 -0.171420953603
2.73404899007 11.8318478949 -1.19341562919 -8.73794812211 -0.177700109412
2.85451461979 11.8605381658 -1.19341562919 -8.64611292337 -0.185653706771
2.98028811633 11.8883785011 -1.19341562919 -8.55339654026 -0.194444524905
3.11160335098 11.9156737526 -1.19341562919 -8.46131346956 -0.203653953426
3.24870449967 11.9436439547 -1.19341562919 -8.36977325822 -0.21307268714
3.39184649703 11.9701119047 -1.19341562919 -8.27828454208 -0.223328641629
3.54129551043 11.9969386598 -1.19341562919 -8.18615516616 -0.234212511699
3.69732943493 12.0228760962 -1.19341562919 -8.09384021277 -0.245933602544
3.86023840995 12.0484878775 -1.19341562919 -8.0006605019 -0.258491914163
4.03032535887 12.0738886935 -1.19341562919 -7.9073977996 -0.271887446557
4.20790655221 12.0990940202 -1.19341562919 -7.8139304794 -0.286329504919
4.3933121958 12.1243946373 -1.19341562919 -7.72036734861 -0.301399478862
4.58688704473 12.1489653648 -1.19341562919 -7.62785542207 -0.31730667358
4.78899104443 12.1733708003 -1.19341562919 -7.53655943958 -0.333632478685
5.0 12.1976780051 -1.19341562919 -7.44652284075 -0.350167588983