Mass Entropy Slope Intercept Offset
0.303236406149 9.82419791439 -1.20262888671 -12.473219971 -0.673259442925
0.316597382763 9.86440183712 -1.20262888671 -12.3916624185 -0.611354644325
0.330547060776 9.90663864823 -1.20262888671 -12.3245470869 -0.563679761432
0.345111379108 9.94572404543 -1.20262888671 -19.2656001043 -1.89735380185e-19
0.376193457287 10.0207568669 -1.20262888671 -12.1230201231 -0.432408966727
0.392769013135 10.0655552795 -1.20262888671 -12.0592534508 -0.392163107496
0.428143323898 10.1550388477 -1.20262888671 -11.9264918313 -0.321955022918
0.508736729994 10.3823905662 -1.20262888671 -11.6705310566 -0.199749832671
0.554555546096 10.5129052266 -1.20262888671 -11.5478948481 -0.145105386125
0.578989959421 10.5726091879 -1.20262888671 -11.485935258 -0.129061237336
0.604500983662 10.6303343949 -1.20262888671 -11.4241178065 -0.119394923133
0.631136055646 10.6864681937 -1.20262888671 -11.3625535223 -0.109851812047
0.65894470233 10.7411308505 -1.20262888671 -11.2997012551 -0.102429392314
0.687978632886 10.79416114 -1.20262888671 -11.2374929609 -0.0962793873928
0.71829183486 10.8467170432 -1.20262888671 -11.1724184763 -0.0916138664179
0.749940674555 10.8975516052 -1.20262888671 -11.1028189805 -0.0884328293895
0.782984001847 10.9480252672 -1.20262888671 -11.0262951484 -0.0865242071724
0.817483259608 10.9968058402 -1.20262888671 -10.9389908198 -0.0865242071724
0.853502597963 11.0452342105 -1.20262888671 -10.8498491998 -0.0871604145781
0.891108993569 11.0930102297 -1.20262888671 -10.7590095898 -0.0884328293895
0.930372374162 11.1406214429 -1.20262888671 -10.6682685791 -0.089917313336
0.971365748579 11.1877736015 -1.20262888671 -10.5768949139 -0.0918259355531
1.01416534252 11.2332366238 -1.20262888671 -10.4842995128 -0.0941586960406
1.05885074028 11.2790900299 -1.20262888671 -10.3904740882 -0.0969155947985
1.10550503275 11.3240297728 -1.20262888671 -10.2969621785 -0.0996724935565
1.15421497189 11.3676342108 -1.20262888671 -10.2031770735 -0.102853530585
1.20507113209 11.4117472433 -1.20262888671 -10.1089034288 -0.106034567613
1.25816807852 11.4549127108 -1.20262888671 -10.0158773161 -0.109427673777
1.31360454306 11.4979855398 -1.20262888671 -9.92348771692 -0.113032849076
1.37148360779 11.5407318206 -1.20262888671 -9.83388708977 -0.116425955239
1.43191289675 11.5829430236 -1.20262888671 -9.74572871723 -0.119819061403
1.49500477602 11.6242046685 -1.20262888671 -9.66001182681 -0.123212167567
1.56087656268 11.6656443121 -1.20262888671 -9.57691303401 -0.12618113546
1.62965074292 11.7069470665 -1.20262888671 -9.49729060988 -0.128725965082
1.70145519985 11.7467057229 -1.20262888671 -9.42169871879 -0.130846656435
1.77642345127 11.7843541819 -1.20262888671 -9.34906681325 -0.134131778958
1.85469489794 11.8264133969 -1.20262888671 -9.28155433163 -0.128086692404
1.93641508277 11.8627471246 -1.20262888671 -9.21828167105 -0.133840473683
2.0217359615 11.9011364724 -1.20262888671 -9.15952433841 -0.132576418394
2.11081618523 11.9366508539 -1.20262888671 -9.10416285104 -0.132698565704
2.20382139542 11.9733169548 -1.20262888671 -9.05032347743 -0.130926081539
2.30092453188 12.0098349918 -1.20262888671 -8.98079638766 -0.131737919749
2.4023061544 12.0467105628 -1.20262888671 -8.91002602007 -0.133002708778
2.50815477844 12.079542369 -1.20262888671 -8.83713337662 -0.137386966199
2.6186672257 12.1148403527 -1.20262888671 -8.7600162149 -0.140316319189
2.73404899007 12.1511004896 -1.20262888671 -8.67425815376 -0.142908660118
2.85451461979 12.1850014151 -1.20262888671 -8.58246737994 -0.149653213463
2.98028811633 12.2187507398 -1.20262888671 -8.48976821695 -0.156560284853
3.11160335098 12.2519177217 -1.20262888671 -8.39755086822 -0.163676661438
3.24870449967 12.2842731032 -1.20262888671 -8.30598262718 -0.171211648409
3.39184649703 12.317104117 -1.20262888671 -8.21444983321 -0.179165245768
3.54129551043 12.348843197 -1.20262888671 -8.12258068969 -0.187746758708
3.69732943493 12.3804679215 -1.20262888671 -8.02994431689 -0.196956187229
3.86023840995 12.4104572934 -1.20262888671 -7.93694397785 -0.207002836524
4.03032535887 12.440289102 -1.20262888671 -7.84331951313 -0.2176774014
4.20790655221 12.4706578973 -1.20262888671 -7.74974245493 -0.228979881858
4.3933121958 12.4995095476 -1.20262888671 -7.65657500335 -0.240700972702
4.58688704473 12.5276998436 -1.20262888671 -7.56364154399 -0.253468589515
4.78899104443 12.555001392 -1.20262888671 -7.47260234317 -0.266026901134
5.0 12.5806124991 -1.20262888671 -7.38239000478 -0.279422433528