Mass Entropy Slope Intercept Offset
0.303236406149 9.01681760578 -1.17711953921 -12.6433663066 -3.3869561587
0.316597382763 9.05495655333 -1.17711953921 -12.5784297759 -3.33796818846
0.330547060776 9.09923372358 -1.17711953921 -12.5048643547 -3.29513022315
0.345111379108 9.14236736346 -1.17711953921 -12.4338912622 -3.1744628852
0.360317419584 9.18225441768 -1.17711953921 -12.3727534358 -2.97342134501
0.376193457287 9.21769952201 -1.17711953921 -12.3043588869 -2.77301601222
0.392769013135 9.25437543545 -1.17711953921 -12.2415830301 -2.54249686223
0.410074908776 9.29993075697 -1.17711953921 -12.1664956423 -2.33891049241
0.428143323898 9.34704258525 -1.17711953921 -12.100239115 -2.10669478934
0.447007856067 9.39818453799 -1.17711953921 -12.0352481145 -1.87702391589
0.466703583197 9.45076083909 -1.17711953921 -11.9730373211 -1.65604787698
0.487267128783 9.50443241392 -1.17711953921 -11.9125409914 -1.4526735763
0.508736729994 9.55810549041 -1.17711953921 -11.8453700178 -1.2840786138
0.531152308779 9.6108200697 -1.17711953921 -11.7854417551 -1.15648619341
0.554555546096 9.66264577939 -1.17711953921 -11.7226031384 -0.988876767422
0.578989959421 9.71099029028 -1.17711953921 -11.6637022667 -0.88023997042
0.604500983662 9.76275308823 -1.17711953921 -11.5998670512 -0.796047253156
0.687978632886 9.89696807118 -1.17711953921 -11.4141411845 -0.543830134813
0.71829183486 9.9373205574 -1.17711953921 -11.3488396558 -0.514810080252
0.853502597963 10.0964404603 -1.17711953921 -11.0262416311 -0.378543406379
0.891108993569 10.1323645033 -1.17711953921 -10.9361787495 -0.365395119995
0.930372374162 10.1641242638 -1.17711953921 -10.845372421 -0.358608907668
0.971365748579 10.1948887505 -1.17711953921 -10.7535394116 -0.354579594099
1.01416534252 10.2227620504 -1.17711953921 -10.6610279395 -0.360338391832
1.05885074028 10.2511868445 -1.17711953921 -10.5676868526 -0.366146833995
1.10550503275 10.2811092107 -1.17711953921 -10.4735494386 -0.379494573281
1.15421497189 10.3036331759 -1.17711953921 -10.3796508207 -0.377935808952
1.20507113209 10.3295804778 -1.17711953921 -10.2855094152 -0.377070330314
1.25816807852 10.3533071775 -1.17711953921 -10.1921605126 -0.389803067625
1.31360454306 10.3769382691 -1.17711953921 -10.1001445077 -0.387634697563
1.37148360779 10.399055049 -1.17711953921 -10.0091041821 -0.401328657672
1.43191289675 10.4200927 -1.17711953921 -9.92193573484 -0.416958720894
1.49500477602 10.4412498496 -1.17711953921 -9.83637481373 -0.420593409664
1.56087656268 10.4608848967 -1.17711953921 -9.7537218303 -0.454461666226
1.62965074292 10.4821136946 -1.17711953921 -9.67410189944 -0.435131809621
1.70145519985 10.5014875031 -1.17711953921 -9.59809263778 -0.455220769849
1.77642345127 10.5212954998 -1.17711953921 -9.52567759694 -0.472487508587
1.85469489794 10.5396360469 -1.17711953921 -9.45802739738 -0.484376072613
1.93641508277 10.5576804214 -1.17711953921 -9.39423735312 -0.473812624224
2.0217359615 10.5750196556 -1.17711953921 -9.33603955461 -0.481233213502
2.11081618523 10.591749449 -1.17711953921 -9.28014920121 -0.488269267395
2.20382139542 10.6073333266 -1.17711953921 -9.22688310668 -0.490869378258
2.30092453188 10.6231975084 -1.17711953921 -9.15740752878 -0.501421243466
2.4023061544 10.6387835334 -1.17711953921 -9.08655816055 -0.510364315929
2.50815477844 10.6537612221 -1.17711953921 -9.01415116206 -0.5247098082
2.6186672257 10.6683189939 -1.17711953921 -8.93693667255 -0.544196093507
2.73404899007 10.6826834191 -1.17711953921 -8.85105107383 -0.568602652544
2.85451461979 10.6972823676 -1.17711953921 -8.75941031114 -0.596139981944
2.98028811633 10.7117743649 -1.17711953921 -8.6665338497 -0.630362021225
3.11160335098 10.7259558141 -1.17711953921 -8.57448227081 -0.66615507605
3.24870449967 10.7392057956 -1.17711953921 -8.48300714206 -0.70193758536
3.39184649703 10.7523325364 -1.17711953921 -8.39137062158 -0.739801859938
3.54129551043 10.765229483 -1.17711953921 -8.29956235366 -0.778035974014
3.69732943493 10.7783542169 -1.17711953921 -8.20701801627 -0.824454943787
3.86023840995 10.7908530574 -1.17711953921 -8.11394698468 -0.871107621719
4.03032535887 10.803873628 -1.17711953921 -8.02067900584 -0.920508616609
4.20790655221 10.8165418087 -1.17711953921 -7.92719338938 -0.973752342797
4.3933121958 10.8294838635 -1.17711953921 -7.83397497441 -1.02932426921
4.58688704473 10.8428746394 -1.17711953921 -7.74146910833 -1.08828581608
4.78899104443 10.8578564518 -1.17711953921 -7.6498039699 -1.14781205977
5.0 10.8737545988 -1.17711953921 -7.56025433291 -1.20890919857