Mass Entropy Slope Intercept Offset
0.303236406149 8.52953750565 -1.1798352546 -12.6249244639 -9.0585331112
0.316597382763 8.54775425766 -1.1798352546 -12.566723578 -8.84158638587
0.330547060776 8.56782157236 -1.1798352546 -12.4906946356 -8.7966277292
0.345111379108 8.59179926597 -1.1798352546 -12.426995011 -8.62273103831
0.360317419584 8.61905441088 -1.1798352546 -12.3497081322 -8.58392238657
0.376193457287 8.65093617584 -1.1798352546 -12.2921296275 -8.36761186864
0.392769013135 8.68639466521 -1.1798352546 -12.2220089747 -8.27430144914
0.410074908776 8.71855644071 -1.1798352546 -12.1545651424 -8.16296515314
0.428143323898 8.75065316591 -1.1798352546 -12.094884028 -7.99161329188
0.447007856067 8.78662163539 -1.1798352546 -12.0287886039 -7.8749752675
0.466703583197 8.82508437835 -1.1798352546 -11.9615433694 -7.76724414681
0.487267128783 8.86335509 -1.1798352546 -11.8940372217 -7.65675612736
0.508736729994 8.90175678262 -1.1798352546 -11.83453621 -7.43026629093
0.531152308779 8.94077700325 -1.1798352546 -11.7711984311 -7.05341943764
0.554555546096 8.98013387243 -1.1798352546 -11.7103575678 -6.54402937482
0.578989959421 9.02095791302 -1.1798352546 -11.6477041706 -6.0038892874
0.604500983662 9.06230954928 -1.1798352546 -11.5833087454 -5.47180782711
0.631136055646 9.1059374293 -1.1798352546 -11.5215327083 -4.94587637175
0.65894470233 9.14875899831 -1.1798352546 -11.4599231835 -4.4621466743
0.687978632886 9.18965597294 -1.1798352546 -11.3971624656 -4.04479461617
0.71829183486 9.22889523454 -1.1798352546 -11.3319570335 -3.69318398997
0.749940674555 9.26515499765 -1.1798352546 -11.2623085624 -3.41410100801
0.782984001847 9.29883434544 -1.1798352546 -11.1861729881 -3.20012325057
0.817483259608 9.3303395926 -1.1798352546 -11.0988505429 -3.05901538059
0.853502597963 9.36032774771 -1.1798352546 -11.0096291886 -2.93704040384
0.891108993569 9.38749211193 -1.1798352546 -10.919207336 -2.83961559323
0.930372374162 9.41334712639 -1.1798352546 -10.8282054187 -2.80196157782
0.971365748579 9.43839080024 -1.1798352546 -10.7364324722 -2.67336237733
1.01416534252 9.46094204721 -1.1798352546 -10.6440498112 -2.66392240432
1.05885074028 9.48270550292 -1.1798352546 -10.5506159759 -2.5907462176
1.10550503275 9.50365372632 -1.1798352546 -10.4567765771 -2.65871367031
1.15421497189 9.52329768947 -1.1798352546 -10.3621922313 -2.55649024032
1.43191289675 9.61401936343 -1.1798352546 -9.90445066184 -2.66040160813
1.49500477602 9.62976629036 -1.1798352546 -9.81900467461 -2.58352757164
1.70145519985 9.67006215838 -1.1798352546 -9.58047075959 -2.55860998096
1.77642345127 9.68402606175 -1.1798352546 -9.5080371548 -2.56011562364
1.93641508277 9.71312263335 -1.1798352546 -9.37674694719 -2.45707194948
2.0217359615 9.72702760978 -1.1798352546 -9.31804594932 -2.40440038409
2.11081618523 9.74046732886 -1.1798352546 -9.26266445056 -2.2745212614
2.20382139542 9.76139336603 -1.1798352546 -9.2090186375 -2.23219172194
2.30092453188 9.77367558419 -1.1798352546 -9.13968318168 -2.16870239333
2.4023061544 9.78477278374 -1.1798352546 -9.06877834169 -2.07394097807
2.50815477844 9.79543227018 -1.1798352546 -8.99636049432 -2.18517224972
2.6186672257 9.80601646902 -1.1798352546 -8.91949762578 -2.11884374696
2.73404899007 9.8160665268 -1.1798352546 -8.83431952003 -2.21752358439
2.85451461979 9.8263465572 -1.1798352546 -8.74210595265 -2.28466585837
2.98028811633 9.83574714992 -1.1798352546 -8.64956585789 -2.35362164825
3.11160335098 9.84515508859 -1.1798352546 -8.55750989828 -2.43981926417
3.24870449967 9.85421965023 -1.1798352546 -8.4664231761 -2.59286426256
3.39184649703 9.86332806255 -1.1798352546 -8.37476989821 -2.69537606676
3.54129551043 9.87265882181 -1.1798352546 -8.28301277114 -2.80489348146
3.69732943493 9.88209546726 -1.1798352546 -8.19050002708 -2.89166635544
3.86023840995 9.89195883863 -1.1798352546 -8.09785255229 -3.05430427826
4.03032535887 9.90142570041 -1.1798352546 -8.00450118243 -3.18493971403
4.20790655221 9.9110648575 -1.1798352546 -7.91111495624 -3.27330567755
4.3933121958 9.92034232239 -1.1798352546 -7.81822331113 -3.47986759063
4.58688704473 9.93004974766 -1.1798352546 -7.72533655438 -3.60812419942
4.78899104443 9.94040309042 -1.1798352546 -7.63412539381 -3.80686083001
5.0 9.95189516291 -1.1798352546 -7.54475895292 -3.95641752132