hy1s   1.00  1.00 1.74 15.64 15.33 13.38 12.69 12.23  9.88 1.41 18.89 19.35 18.05 15.44 14.98 11.50 
hy1s   1.00  2.00 1.69 13.80 12.87 11.70 11.03 10.57  9.07 1.31 18.18 18.14 17.54 14.74 14.28 11.22 
hy1s   1.00  5.00 1.87 11.28 10.29  9.52  9.05  8.59  7.81 1.24 17.64 17.28 17.34 14.29 13.83 11.04 
hy1s   1.00 10.00 2.31  9.48  8.66  8.04  7.69  7.23  6.73 1.14 17.28 16.76 17.21 14.13 13.67 11.03 
hy1s   2.00  1.00 1.61 16.61 16.56 14.71 13.54 13.08 10.39 1.40 19.09 19.59 18.36 15.60 15.14 11.59 
hy1s   2.00  2.00 1.56 14.66 13.89 12.74 11.79 11.33  9.53 1.31 18.31 18.30 17.75 14.85 14.39 11.28 
hy1s   2.00  5.00 1.66 12.19 11.23 10.47  9.82  9.36  8.35 1.24 17.68 17.32 17.40 14.32 13.86 11.05 
hy1s   2.00 10.00 1.94 10.19  9.45  8.86  8.38  7.92  7.25 1.14 17.29 16.77 17.23 14.14 13.68 11.03 
hy1s   3.00  1.00 1.55 17.20 17.30 15.54 14.05 13.59 10.69 1.38 19.28 19.81 18.64 15.75 15.29 11.68 
hy1s   3.00  2.00 1.49 15.20 14.53 13.42 12.26 11.80  9.82 1.30 18.44 18.45 17.94 14.94 14.48 11.33 
hy1s   3.00  5.00 1.57 12.91 11.95 11.19 10.39  9.93  8.74 1.24 17.71 17.36 17.45 14.34 13.88 11.07 
hy1s   3.00 10.00 1.77 10.63  9.89  9.30  8.77  8.31  7.55 1.14 17.30 16.78 17.24 14.14 13.68 11.04 
hy1s   5.00  1.00 1.48 18.03 18.32 16.76 14.75 14.29 11.09 1.37 19.61 20.21 19.17 16.02 15.56 11.83 
hy1s   5.00  2.00 1.42 16.05 15.56 14.52 12.99 12.53 10.24 1.29 18.67 18.73 18.30 15.13 14.67 11.43 
hy1s   5.00  5.00 1.48 13.65 12.72 11.99 11.00 10.54  9.13 1.24 17.79 17.45 17.57 14.40 13.94 11.10 
hy1s   5.00 10.00 1.59 11.37 10.59  9.98  9.36  8.90  8.02 1.14 17.32 16.81 17.27 14.16 13.70 11.05 
hy1s   7.00  1.00 1.43 18.54 18.92 17.50 15.16 14.70 11.34 1.35 19.91 20.56 19.63 16.25 15.79 11.97 
hy1s   7.00  2.00 1.38 16.64 16.27 15.31 13.48 13.02 10.52 1.29 18.88 18.97 18.62 15.29 14.83 11.53 
hy1s   7.00  5.00 1.43 14.09 13.19 12.48 11.36 10.90  9.37 1.23 17.85 17.53 17.67 14.45 13.99 11.13 
hy1s   7.00 10.00 1.50 12.08 11.23 10.58  9.87  9.41  8.41 1.14 17.33 16.83 17.31 14.17 13.71 11.05 
hy1s  10.00  1.00 1.39 19.19 19.71 18.51 15.68 15.22 11.64 1.33 20.33 21.05 20.29 16.57 16.11 12.15 
hy1s  10.00  2.00 1.34 17.35 17.15 16.33 14.08 13.62 10.84 1.28 19.17 19.31 19.07 15.51 15.05 11.65 
hy1s  10.00  5.00 1.39 14.65 13.80 13.14 11.82 11.36  9.64 1.23 17.95 17.64 17.83 14.53 14.07 11.17 
hy1s  10.00 10.00 1.44 12.72 11.80 11.14 10.33  9.87  8.75 1.14 17.36 16.86 17.35 14.20 13.73 11.07 
hy1s  15.00  1.00 1.35 19.97 20.62 19.70 16.29 15.83 12.00 1.31 20.86 21.66 21.13 16.98 16.52 12.39 
hy1s  15.00  2.00 1.31 18.14 18.09 17.47 14.71 14.25 11.20 1.27 19.58 19.78 19.70 15.82 15.36 11.83 
hy1s  15.00  5.00 1.34 15.27 14.50 13.92 12.35 11.89  9.95 1.23 18.11 17.82 18.08 14.65 14.19 11.24 
hy1s  15.00 10.00 1.38 13.29 12.33 11.69 10.77 10.31  9.06 1.14 17.41 16.91 17.42 14.23 13.77 11.09 
hy1s  20.00  1.00 1.32 20.61 21.37 20.74 16.79 16.33 12.28 1.29 21.34 22.21 21.91 17.33 16.87 12.59 
hy1s  20.00  2.00 1.29 18.77 18.85 18.45 15.21 14.75 11.48 1.26 19.95 20.21 20.30 16.10 15.64 11.98 
hy1s  20.00  5.00 1.32 15.76 15.07 14.58 12.76 12.30 10.18 1.22 18.27 17.99 18.32 14.77 14.31 11.31 
hy1s  20.00 10.00 1.34 13.71 12.74 12.13 11.10 10.64  9.28 1.14 17.45 16.96 17.49 14.26 13.80 11.10 
hy1s  30.00  1.00 1.29 21.51 22.40 22.16 17.47 17.01 12.67 1.27 21.97 22.92 22.92 17.80 17.34 12.86 
hy1s  30.00  2.00 1.26 19.63 19.83 19.76 15.86 15.40 11.85 1.24 20.54 20.87 21.23 16.53 16.07 12.23 
hy1s  30.00  5.00 1.28 16.44 15.87 15.54 13.33 12.87 10.50 1.22 18.54 18.30 18.74 14.97 14.51 11.42 
hy1s  30.00 10.00 1.29 14.24 13.28 12.73 11.54 11.08  9.56 1.13 17.54 17.06 17.64 14.33 13.87 11.14 
hy1s  50.00  1.00 1.25 22.69 23.73 24.11 18.32 17.86 13.17 1.24 23.05 24.13 24.71 18.58 18.12 13.32 
hy1s  50.00  2.00 1.23 20.86 21.22 21.74 16.75 16.29 12.36 1.22 21.45 21.88 22.72 17.18 16.72 12.61 
hy1s  50.00  5.00 1.25 17.44 17.04 17.03 14.13 13.67 10.95 1.21 19.01 18.83 19.51 15.32 14.86 11.62 
hy1s  50.00 10.00 1.24 14.94 14.03 13.61 12.13 11.67  9.92 1.13 17.70 17.24 17.91 14.46 14.00 11.21 
hy1s 100.00  1.00 1.21 24.50 25.71 27.13 19.60 19.14 13.91 1.20 24.69 25.91 27.44 19.72 19.26 13.99 
hy1s 100.00  2.00 1.20 22.55 23.07 24.53 17.94 17.48 13.05 1.20 22.88 23.43 25.09 18.17 17.71 13.19 
hy1s 100.00  5.00 1.21 18.92 18.73 19.36 15.25 14.79 11.58 1.19 19.92 19.82 20.98 15.96 15.50 11.99 
hy1s 100.00 10.00 1.18 15.98 15.24 15.13 13.05 12.59 10.43 1.12 18.07 17.65 18.52 14.73 14.27 11.37