1MJ
0.998958746981767, 1.7375410814717063
1.0911698450111529, 1.7216903886637132
1.2051591328933835, 1.7026725736010304
1.3603795661861615, 1.6899688943349984
1.5027528085420256, 1.664626889119301
1.6783577256156343, 1.6392798567254216
1.8132588185936365, 1.6234341910956105
1.980635686936967, 1.6075834982876174
2.236317256451562, 1.5853935337920633
2.5528880210207348, 1.563198542118327
2.8821917903882146, 1.5441706726992803
3.2539733228329295, 1.5251428032802337
3.6730741165021, 1.5124391240142017
4.192666692916441, 1.493406227416973
4.892040633108853, 1.47436327646338
5.645731726615977, 1.4553253526879693
6.51554006178856, 1.4362874289125585
7.35599678536781, 1.4172595594935116
8.583042203625656, 1.398216608539919
10.013030926618429, 1.3854978477393405
11.179225740647228, 1.3727991956514909
13.042887227974902, 1.3569183397744053
15.048416738020268, 1.3473667012285166
18.96499277925997, 1.3219643698746346
21.884929895709732, 1.3060885411757313
26.39085635820705, 1.2870305086875922
32.173153978779915, 1.2711295440977786
39.658933512124825, 1.2520614572532753
46.25832819846067, 1.2456668866057121
57.00647868702586, 1.236085084990731
74.23036254516208, 1.2201539573318252
97.74260084369966, 1.1978936123417223
128.67992310903546, 1.1819574575046343
162.11449559727345, 1.1692035064567818
208.7718677659685, 1.1564395010525652
260.1212271291606, 1.1468526722594021
361.753439057235, 1.1340534766079116
465.82746620298946, 1.1244515662802024
613.1106810632116, 1.1180016966726363
789.498493244394, 1.108399786344927
931.1238405829249, 1.0988380934426742
5MJ
1.0068383543825965, 1.8513714770477896
1.0762577641479563, 1.822882458290131
1.1889988914590268, 1.7943783579979264
1.2707572272466163, 1.7722135293932824
1.3886599462620421, 1.7405523612027523
1.550932485911046, 1.7152053288088729
1.8511146220386328, 1.670855562886857
2.0679660591232696, 1.6360222452634554
2.3613201249025577, 1.6043409683601972
2.7255895665553873, 1.5789788544317718
3.181070446026604, 1.5504496182486567
3.7533403442930378, 1.525077449963867
4.380571524640549, 1.4965482137807522
5.283871050441464, 1.4680038960630908
6.2338904603732646, 1.4457938228548088
7.518049722519307, 1.4235736952901623
8.868995738562994, 1.4045257171583874
10.695048770700028, 1.3854676846702483
12.898190777333193, 1.363247557105602
16.07759679767693, 1.3378502529299021
19.386158192259455, 1.3219543155182707
23.89469229093413, 1.306048323750275
30.446182722632216, 1.280640965218211
37.11056755885605, 1.271064190781412
44.251018667121095, 1.261497470700977
52.77910975213598, 1.24244446539102
63.64036763562654, 1.2265485279793884
76.73007014952522, 1.2138146856442644
95.60253600535444, 1.2042278568511011
119.13754262835944, 1.1883168379049234
158.57878094278948, 1.1723756558896534
206.49162467970774, 1.1564445282307474
265.89787388715956, 1.1468426179030382
320.5048963940541, 1.1435950607974361
386.393560754956, 1.1340233135388191
476.08966605253164, 1.130765702076853
586.6584537095044, 1.1243459955383794
691.7769170513467, 1.1211084927891413
815.7306861242861, 1.117870990039903
880.9140707614018, 1.1178357997926287
10MJ
0.9839818470393257, 2.2877456247839882
1.075463845098968, 2.2497602664404437
1.1888440648287066, 2.199121500612687
1.3146337828531616, 2.1358343544789014
1.469658782479651, 2.075704276243441
1.6251610634847853, 2.012417130109655
1.9848529808465876, 1.9301121689131868
2.2936338178757136, 1.8636428189901655
2.67948699954803, 1.8003305369654696
3.272529645023936, 1.718025575769001
3.7806477686447386, 1.6610425110755018
4.414741398916546, 1.6135407044333427
5.213018472095119, 1.5597096804599866
6.291249682414088, 1.5121927922832814
7.673673185883538, 1.4773192572344236
8.956042128870866, 1.4487900210513085
10.569055919021013, 1.417093662613504
13.323280740330622, 1.3822050460301
16.24526280433992, 1.3599798912872718
20.02855156230111, 1.3345876142897537
23.888469755577223, 1.315534608979797
29.45175181261028, 1.2901423319822791
36.30749026747575, 1.2679121500612687
47.8119264569783, 1.2424897099946586
66.5272145462913, 1.2107179438841233
89.55264632256328, 1.185285449461149
120.51591328933824, 1.1693392402676972
160.39954404604478, 1.1565601533289345
218.22320665299338, 1.1437710120338078
290.44216561982086, 1.1309919250950449
386.4942096294168, 1.124537028309297
543.3900697873297, 1.1148949005561313
691.9571130358323, 1.1116222075596192
891.0285124770272, 1.10202029723191