Entropy Coefficient Power MinX MinY
7.5 0.065696963927 -1.4259761779 0.0335829437654 1.14596453101
8 0.0726081173405 -1.32095367164 0.0531311295006 1.2070784982
8.5 0.0802463065049 -1.21593116539 0.08405805464 1.27882071766
9 0.0886880137312 -1.11090865913 0.132987132332 1.36440199748
9.5 0.0980177670743 -1.00588615288 0.210397176591 1.46849977186
10 0.108328986726 -0.900863646622 0.332866579955 1.59821113373
10.5 0.119724920444 -0.795841140366 0.526623797173 1.76486252112
11 0.132319677388 -0.690818634111 0.833164518307 1.98773263799
11.5 0.14623937071 -0.585796127856 1.31813852373 2.30254883751
12 0.161623380345 -0.4807736216 2.08540945943 2.7838034517