Mass Entropy Slope Intercept Offset
0.303236406149 7.74564443828 -1.07809729428 -13.3899355993 -39.0873105901
0.316597382763 7.75132511559 -1.07809729428 -13.3162261782 -40.0850958713
0.330547060776 7.75802853759 -1.07809729428 -13.2428653868 -41.0184121354
0.345111379108 7.76300500507 -1.07809729428 -13.1766334046 -41.5038383859
0.360317419584 7.76997698085 -1.07809729428 -13.1041794562 -42.2322958654
0.376193457287 7.78046570633 -1.07809729428 -13.0475887343 -42.0840595399
0.392769013135 7.79432236364 -1.07809729428 -12.979657194 -42.3849856428
0.410074908776 7.81040565106 -1.07809729428 -12.9130232815 -42.565668546
0.428143323898 7.82775871496 -1.07809729428 -12.8455261855 -42.7609842195
0.447007856067 7.84365960133 -1.07809729428 -12.7782439384 -42.9104929599
0.466703583197 7.85818768275 -1.07809729428 -12.7131295434 -42.8873774241
0.487267128783 7.87061390957 -1.07809729428 -12.6504155003 -42.6275927335
0.508736729994 7.88059694928 -1.07809729428 -12.5854599643 -42.4787202005
0.531152308779 7.89033511331 -1.07809729428 -12.522818525 -42.1495889027
0.554555546096 7.90084669869 -1.07809729428 -12.4673577069 -41.430250396
0.578989959421 7.91265604772 -1.07809729428 -12.4008903499 -41.1513794832
0.604500983662 7.92670604193 -1.07809729428 -12.3416987147 -40.5117789714
0.631136055646 7.94328494349 -1.07809729428 -12.2807050781 -39.9224388446
0.65894470233 7.9618490313 -1.07809729428 -12.2174767082 -39.4039298089
0.687978632886 7.98180546616 -1.07809729428 -12.1553163558 -38.8031379489
0.71829183486 8.00138842961 -1.07809729428 -12.0935869601 -38.1752012395
0.749940674555 8.02136398179 -1.07809729428 -12.0288527983 -37.6848973988
0.782984001847 8.04137179962 -1.07809729428 -11.9593552254 -37.343254022
0.817483259608 8.05966679196 -1.07809729428 -11.8825190125 -37.4066626934
0.853502597963 8.07699633106 -1.07809729428 -11.7954679032 -37.918809655
0.891108993569 8.09404856041 -1.07809729428 -11.7063826139 -38.5883119149
0.930372374162 8.11009765771 -1.07809729428 -11.6165351507 -39.3892970386
0.971365748579 8.12531248779 -1.07809729428 -11.5265323274 -40.3366098657
1.01416534252 8.13963623396 -1.07809729428 -11.4360461035 -41.4843280255
1.05885074028 8.15297324113 -1.07809729428 -11.3445908426 -42.8905584612
1.10550503275 8.16513956846 -1.07809729428 -11.2532557316 -44.5239149406
1.15421497189 8.17673698471 -1.07809729428 -11.1602836526 -46.4155716268
1.20507113209 8.18605183674 -1.07809729428 -11.0683497199 -48.6113354529
1.25816807852 8.19449710292 -1.07809729428 -10.9762981123 -51.0643391401
1.31360454306 8.20192315475 -1.07809729428 -10.8860674936 -53.6615498391
1.37148360779 8.20885153057 -1.07809729428 -10.7967132146 -56.4791003697
1.43191289675 8.21529694718 -1.07809729428 -10.7090124285 -59.4414941196
1.49500477602 8.22205463007 -1.07809729428 -10.6234185575 -62.4354861707
1.56087656268 8.22698673205 -1.07809729428 -10.540767606 -65.5904386955
1.62965074292 8.23114998628 -1.07809729428 -10.4604684626 -68.8003171263
1.70145519985 8.23471420763 -1.07809729428 -10.3831146058 -71.9671455227
1.77642345127 8.23756932647 -1.07809729428 -10.3089174801 -75.0826531884
1.85469489794 8.23993667122 -1.07809729428 -10.2379272137 -78.0592555705
1.93641508277 8.24218360599 -1.07809729428 -10.1706898381 -80.8454198692
2.0217359615 8.24534608593 -1.07809729428 -10.1077423582 -83.3346873785
2.11081618523 8.25097124599 -1.07809729428 -10.0487159548 -85.4252649136
2.20382139542 8.25711482483 -1.07809729428 -9.99409580712 -87.2738715654
2.30092453188 8.2642770803 -1.07809729428 -9.94171899527 -88.9065918375
2.4023061544 8.27161917258 -1.07809729428 -9.88617655491 -90.8175468151
2.6186672257 8.28582942524 -1.07809729428 -9.74927907545 -97.2453623039
2.73404899007 8.29341382247 -1.07809729428 -9.67802418593 -100.849689326
2.85451461979 8.30221983724 -1.07809729428 -9.60082258327 -105.187139349
2.98028811633 8.31183705323 -1.07809729428 -9.51486086762 -110.576452283
3.11160335098 8.32208566391 -1.07809729428 -9.42387279132 -116.31801205
3.24870449967 8.33258668763 -1.07809729428 -9.33160235789 -121.579235226
3.39184649703 8.34401353023 -1.07809729428 -9.23918846356 -125.986668063
4.3933121958 8.4326096415 -1.07809729428 -8.67259077058 -137.360996131
4.58688704473 8.45156994699 -1.07809729428 -8.57550140346 -137.217213257
4.78899104443 8.47153288146 -1.07809729428 -8.47863288584 -136.445705743
5.0 8.49258615891 -1.07809729428 -8.38229324632 -134.981580434