Mass Entropy Slope Intercept Offset
0.303236406149 8.59025572338 -1.17571479067 -12.6633191605 -7.64466818665
0.316597382763 8.60970873657 -1.17571479067 -12.5894996846 -7.59737676949
0.330547060776 8.63297465008 -1.17571479067 -12.5217152406 -7.49176634015
0.345111379108 8.65975502883 -1.17571479067 -12.4509367805 -7.41011972309
0.360317419584 8.69160129815 -1.17571479067 -12.3823087099 -7.31171964434
0.376193457287 8.72723693998 -1.17571479067 -12.3182214579 -7.18447816321
0.392769013135 8.76513786522 -1.17571479067 -12.2464260012 -7.12297811399
0.410074908776 8.79414242912 -1.17571479067 -12.1797356444 -7.02924355622
0.428143323898 8.82947111938 -1.17571479067 -12.1156335929 -6.9147262232
0.447007856067 8.86804149653 -1.17571479067 -12.053195646 -6.78451577417
0.466703583197 8.90735728935 -1.17571479067 -11.9865875381 -6.67233120163
0.487267128783 8.94825527156 -1.17571479067 -11.9221156448 -6.41657582455
0.508736729994 8.98952293617 -1.17571479067 -11.8564226933 -6.02806516881
0.531152308779 9.03001127269 -1.17571479067 -11.7962813516 -5.53203546152
0.554555546096 9.07153059107 -1.17571479067 -11.7376850989 -5.01267814935
0.578989959421 9.11444911587 -1.17571479067 -11.6735508344 -4.53976397779
0.604500983662 9.15891304732 -1.17571479067 -11.6119702879 -4.08317912965
0.631136055646 9.20367335254 -1.17571479067 -11.5486302364 -3.67091673077
0.65894470233 9.24689461003 -1.17571479067 -11.4875559815 -3.30043195153
0.687978632886 9.28784931719 -1.17571479067 -11.4250229467 -2.98699376966
0.71829183486 9.32707568883 -1.17571479067 -11.3600961508 -2.72720907901
0.749940674555 9.36345819359 -1.17571479067 -11.2902995723 -2.48362299974
0.782984001847 9.39728608701 -1.17571479067 -11.2139904796 -2.35961657131
0.817483259608 9.4293483636 -1.17571479067 -11.1265070898 -2.26917183391
0.853502597963 9.45904244957 -1.17571479067 -11.0375543461 -2.19178999117
0.891108993569 9.48730366005 -1.17571479067 -10.946719091 -2.11033631129
0.930372374162 9.51325842918 -1.17571479067 -10.856101792 -1.98210690585
0.971365748579 9.53883371864 -1.17571479067 -10.7643783806 -2.02293589152
1.01416534252 9.56237143314 -1.17571479067 -10.6719766037 -1.98775614929
1.25816807852 9.66735354969 -1.17571479067 -10.2027361861 -1.83221677634
1.31360454306 9.68685032694 -1.17571479067 -10.1103943239 -1.92389623965
1.37148360779 9.7052589486 -1.17571479067 -10.0204431263 -1.86734551137
1.49500477602 9.73886073148 -1.17571479067 -9.84720074821 -1.9175915723
1.70145519985 9.78162273515 -1.17571479067 -9.60823178518 -1.77373098199
1.85469489794 9.82228361596 -1.17571479067 -9.4687840696 -1.73138395127
1.93641508277 9.83772750632 -1.17571479067 -9.40513489232 -1.69031601553
2.0217359615 9.85198299691 -1.17571479067 -9.34619129609 -1.65798976104
2.11081618523 9.86511053598 -1.17571479067 -9.29031661845 -1.63296604356
2.20382139542 9.8775001841 -1.17571479067 -9.2372131682 -1.60849840201
2.30092453188 9.88974353507 -1.17571479067 -9.16796003118 -1.61128839623
2.4023061544 9.90067576163 -1.17571479067 -9.09704251218 -1.62273089148
2.50815477844 9.91159596967 -1.17571479067 -9.02488018826 -1.6389139259
2.6186672257 9.92225113401 -1.17571479067 -8.94782872655 -1.66751907115
2.73404899007 9.93263134685 -1.17571479067 -8.86219796329 -1.71429150495
2.85451461979 9.94316716173 -1.17571479067 -8.77045094697 -1.78421018641
2.98028811633 9.95279359513 -1.17571479067 -8.67784843667 -1.85616254915
3.11160335098 9.96252403838 -1.17571479067 -8.58577141098 -1.92600583328
3.24870449967 9.97199071701 -1.17571479067 -8.49422857391 -2.01321977704
3.39184649703 9.98143389696 -1.17571479067 -8.4028177613 -2.09219676668
3.54129551043 9.9909194709 -1.17571479067 -8.31095747939 -2.17797773682
3.69732943493 10.0005691166 -1.17571479067 -8.21840220603 -2.28311949332
3.86023840995 10.0107468361 -1.17571479067 -8.1254234721 -2.37041441757
4.03032535887 10.0204316963 -1.17571479067 -8.03233439134 -2.48073014458
4.20790655221 10.0300333723 -1.17571479067 -7.93923389325 -2.69767389946
4.3933121958 10.0396116372 -1.17571479067 -7.84554946451 -2.83014312558
4.58688704473 10.0494401892 -1.17571479067 -7.75331400379 -2.90800598328
4.78899104443 10.0598305454 -1.17571479067 -7.66221213528 -3.06792831204
5.0 10.0719380379 -1.17571479067 -7.57234296578 -3.18277088566