Mass Entropy Slope Intercept Offset
0.303236406149 9.87665390437 -1.19886145116 -12.4911328032 -0.568234159899
0.316597382763 9.91942854572 -1.19886145116 -12.4243568035 -0.519551965519
0.345111379108 9.99985102177 -1.19886145116 -12.2855092846 -0.433681381538
0.360317419584 10.0396644894 -1.19886145116 -12.2170380774 -0.397841697685
0.376193457287 10.077791829 -1.19886145116 -12.148417518 -0.363910636049
0.410074908776 10.1614939151 -1.19886145116 -12.0206364423 -0.300008204858
0.487267128783 10.3565758344 -1.19886145116 -11.7598063303 -0.205390904689
0.531152308779 10.4772949798 -1.19886145116 -11.632799219 -0.155042599969
0.554555546096 10.5446856785 -1.19886145116 -11.5737893603 -0.135515816289
0.578989959421 10.6089523132 -1.19886145116 -11.5129387311 -0.115836399167
0.604500983662 10.6697254142 -1.19886145116 -11.4487527752 -0.10231739729
0.631136055646 10.7285057614 -1.19886145116 -11.3877003183 -0.0925228737189
0.65894470233 10.7839733165 -1.19886145116 -11.3255314878 -0.0897038175255
0.687978632886 10.8376977786 -1.19886145116 -11.2632825404 -0.0862927152308
0.71829183486 10.9163584531 -1.19886145116 -11.1984960787 -0.082348107788
0.749940674555 10.9484844359 -1.19886145116 -11.1285944033 -0.0748689489825
0.782984001847 10.999524877 -1.19886145116 -11.0524130304 -0.0756316635522
0.817483259608 11.0503052524 -1.19886145116 -10.9647086938 -0.0761328195463
0.853502597963 11.1006049128 -1.19886145116 -10.8754952391 -0.0768110579187
0.891108993569 11.151077367 -1.19886145116 -10.7855325004 -0.0774052343577
0.930372374162 11.200779348 -1.19886145116 -10.6945982359 -0.0788897183043
0.971365748579 11.24977389 -1.19886145116 -10.6028869607 -0.0803742022509
1.01416534252 11.3211886458 -1.19886145116 -10.5103122693 -0.0824948936031
1.05885074028 11.3469274779 -1.19886145116 -10.4165625582 -0.0846155849554
1.10550503275 11.3940842468 -1.19886145116 -10.323033628 -0.0871604145781
1.15421497189 11.4404669153 -1.19886145116 -10.2291115967 -0.0897052442008
1.20507113209 11.4861833487 -1.19886145116 -10.1354433792 -0.0924621429588
1.25816807852 11.5319625825 -1.19886145116 -10.0415787445 -0.0954311108519
1.31360454306 11.5772859801 -1.19886145116 -9.95022107565 -0.0981880096099
1.37148360779 11.6217897967 -1.19886145116 -9.85991720621 -0.101156977503
1.43191289675 11.6676707725 -1.19886145116 -9.77159852557 -0.104125945396
1.49500477602 11.7132762409 -1.19886145116 -9.68540929516 -0.102465999341
1.56087656268 11.7549643658 -1.19886145116 -9.60336488277 -0.109427673777
1.62965074292 11.7975115647 -1.19886145116 -9.52391658912 -0.111760434264
1.70145519985 11.8400990968 -1.19886145116 -9.44747069043 -0.113456987346
1.77642345127 11.8817894257 -1.19886145116 -9.37466201006 -0.114729402158
1.85469489794 11.9227351259 -1.19886145116 -9.307640939 -0.115153540428
1.93641508277 11.9617002563 -1.19886145116 -9.24451537186 -0.11621586347
2.0217359615 12.0026740072 -1.19886145116 -9.18540075919 -0.11498989768
2.11081618523 12.0436689075 -1.19886145116 -9.1298651207 -0.11182182461
2.20382139542 12.0783335563 -1.19886145116 -9.07636565931 -0.113935001823
2.30092453188 12.1209854498 -1.19886145116 -9.00717485914 -0.109621520686
2.4023061544 12.1580634502 -1.19886145116 -8.93603634182 -0.113687845613
2.50815477844 12.1927602275 -1.19886145116 -8.86373732675 -0.117798373993
2.6186672257 12.2324668403 -1.19886145116 -8.7858885409 -0.11741193535
2.73404899007 12.2670908897 -1.19886145116 -8.70003659921 -0.124834893776
2.85451461979 12.3042262821 -1.19886145116 -8.60861164112 -0.130039338721
2.98028811633 12.3394005717 -1.19886145116 -8.51582617934 -0.136702355293
3.11160335098 12.3762974186 -1.19886145116 -8.42368239826 -0.141071700523
3.24870449967 12.4113678297 -1.19886145116 -8.33206718715 -0.147560161526
3.39184649703 12.4462440954 -1.19886145116 -8.24056949035 -0.154467232917
3.54129551043 12.4797370835 -1.19886145116 -8.14852968717 -0.161792914695
3.69732943493 12.5117708987 -1.19886145116 -8.05595741841 -0.169746512054
3.86023840995 12.5436804637 -1.19886145116 -7.96291337249 -0.178328024993
4.03032535887 12.5735030192 -1.19886145116 -7.8696765329 -0.187537453514
4.20790655221 12.6031956085 -1.19886145116 -7.77610420081 -0.197165492422
4.3933121958 12.6317723632 -1.19886145116 -7.68298458099 -0.207421446911
4.58688704473 12.659122222 -1.19886145116 -7.5899648377 -0.218305316981
4.78899104443 12.6864719387 -1.19886145116 -7.49851997808 -0.229398492245
5.0 12.7115789487 -1.19886145116 -7.40910232535 -0.240491667509