Mass Entropy Slope Intercept Offset
0.303236406149 7.4684472609 -0.858383964329 -14.9659373449 -35.2418609611
0.316597382763 7.4674422603 -0.858383964329 -14.8937625851 -37.169145262
0.330547060776 7.4652521369 -0.858383964329 -14.8233352672 -39.0936726641
0.345111379108 7.46328668728 -0.858383964329 -14.7644030741 -40.4763634258
0.360317419584 7.46007079317 -0.858383964329 -14.6957405915 -42.4337615439
0.376193457287 7.45455434214 -0.858383964329 -14.6389305782 -43.7882471106
0.392769013135 7.45467242117 -0.858383964329 -14.5719205799 -45.7361021176
0.410074908776 7.45226193241 -0.858383964329 -14.5056988584 -47.8088658452
0.428143323898 7.45004305323 -0.858383964329 -14.4407440729 -49.8735709458
0.447007856067 7.44821711949 -0.858383964329 -14.3866732637 -51.2904048382
0.466703583197 7.44726921519 -0.858383964329 -14.3228777575 -53.4248806842
0.487267128783 7.44938955334 -0.858383964329 -14.2602798959 -55.5315754735
0.508736729994 7.45403891536 -0.858383964329 -14.2009510484 -57.4622528806
0.531152308779 7.46030272002 -0.858383964329 -14.1425038511 -59.3676940606
0.554555546096 7.46764116949 -0.858383964329 -14.0845692607 -61.2353869345
0.578989959421 7.47510863819 -0.858383964329 -14.0243493413 -63.3255403313
0.604500983662 7.48298815286 -0.858383964329 -13.9670066268 -65.0522072303
0.631136055646 7.48938606687 -0.858383964329 -13.9100957335 -66.9076000944
0.65894470233 7.4952394532 -0.858383964329 -13.8522401994 -68.8378533633
0.687978632886 7.50048054416 -0.858383964329 -13.79523832 -70.6175375461
0.71829183486 7.50522520446 -0.858383964329 -13.7329039778 -72.7821272094
0.749940674555 7.51023954964 -0.858383964329 -13.6744801669 -74.395125052
0.782984001847 7.51615446764 -0.858383964329 -13.6164047134 -75.7216174929
0.817483259608 7.52237283751 -0.858383964329 -13.5559166424 -77.032840956
0.853502597963 7.52950842997 -0.858383964329 -13.4912473952 -78.6801939985
0.891108993569 7.53711380269 -0.858383964329 -13.4211930527 -80.8452078
0.930372374162 7.54501733106 -0.858383964329 -13.3395531675 -84.3119019536
0.971365748579 7.5523787373 -0.858383964329 -13.2556478636 -88.1772860815
1.01416534252 7.55911376798 -0.858383964329 -13.1715257808 -92.2623738334
1.05885074028 7.56585757418 -0.858383964329 -13.0862322972 -96.4592220196
1.10550503275 7.57065965547 -0.858383964329 -13.0020621074 -101.264920693
1.15421497189 7.57449736306 -0.858383964329 -12.9186372917 -106.329555781
1.20507113209 7.57761028692 -0.858383964329 -12.8344293866 -112.034215518
1.25816807852 7.57985899801 -0.858383964329 -12.751302409 -118.166406633
1.31360454306 7.58145011145 -0.858383964329 -12.6682264925 -124.951558614
1.37148360779 7.5824851483 -0.858383964329 -12.5859091975 -132.301874841
1.43191289675 7.58324481046 -0.858383964329 -12.5052177569 -140.112381091
1.49500477602 7.5837685672 -0.858383964329 -12.425275229 -148.521982648
1.56087656268 7.58469380373 -0.858383964329 -12.3459492369 -156.994780807
1.62965074292 7.58445859762 -0.858383964329 -12.2693175349 -166.192219202
1.70145519985 7.58433413277 -0.858383964329 -12.1943162066 -175.492086988
1.77642345127 7.58463494582 -0.858383964329 -12.1211074791 -184.686556415
1.85469489794 7.58568118239 -0.858383964329 -12.0492408079 -193.855153407
1.93641508277 7.58732225247 -0.858383964329 -11.9793505546 -202.605762133
2.0217359615 7.58973678448 -0.858383964329 -11.9119913868 -210.756003138
2.11081618523 7.59265988711 -0.858383964329 -11.8466098971 -212.067226601
2.20382139542 7.59603119299 -0.858383964329 -11.7834427911 -212.067226601
2.30092453188 7.59996967654 -0.858383964329 -11.7224125586 -212.067226601
2.4023061544 7.60445986479 -0.858383964329 -11.6644723078 -212.067226601
2.50815477844 7.6107566136 -0.858383964329 -11.6085926941 -212.067226601
2.6186672257 7.616777715 -0.858383964329 -11.5567763647 -212.067226601
2.73404899007 7.62386753359 -0.858383964329 -11.5069109512 -212.067226601
2.85451461979 7.63209292919 -0.858383964329 -11.4597480488 -212.067226601
2.98028811633 7.64106615369 -0.858383964329 -11.4119476588 -212.067226601
3.11160335098 7.65139484176 -0.858383964329 -11.3508608395 -212.067226601
3.24870449967 7.66304989078 -0.858383964329 -11.2873134749 -212.067226601
3.39184649703 7.67633124812 -0.858383964329 -11.2219917076 -212.067226601
3.54129551043 7.69092247283 -0.858383964329 -11.151724568 -212.067226601
3.69732943493 7.70690175085 -0.858383964329 -11.0736245122 -212.067226601
3.86023840995 7.72446195791 -0.858383964329 -10.9878876787 -212.067226601
4.03032535887 7.74368930758 -0.858383964329 -10.8981820837 -212.067226601
4.20790655221 7.76445676097 -0.858383964329 -10.8067965207 -212.067226601
4.3933121958 7.78668919727 -0.858383964329 -10.7142744827 -212.067226601