Mass Entropy Slope Intercept Offset
0.303236406149 9.41833474715 -1.19371493184 -12.5311616661 -1.60896852896
0.316597382763 9.46438954771 -1.19371493184 -12.4537510973 -1.51438569465
0.345111379108 9.55026666755 -1.19371493184 -12.322321508 -1.28238206071
0.360317419584 9.59120319922 -1.19371493184 -12.2530371539 -1.16762573382
0.376193457287 9.63331359678 -1.19371493184 -12.1851021017 -1.06713188846
0.392769013135 9.67574442446 -1.19371493184 -12.1150959708 -0.965762841822
0.410074908776 9.72392301212 -1.19371493184 -12.055265868 -0.854638614963
0.428143323898 9.78068644168 -1.19371493184 -11.9850294196 -0.75835922757
0.447007856067 9.83814191655 -1.19371493184 -19.2208945935 -1.89735380185e-19
0.466703583197 9.90008214821 -1.19371493184 -11.8538067575 -0.585853430387
0.487267128783 9.95957209777 -1.19371493184 -11.7907495043 -0.501064953554
0.554555546096 10.1270853701 -1.19371493184 -11.6110235056 -0.350448323808
0.578989959421 10.1803116551 -1.19371493184 -11.5450957643 -0.279517263375
0.604500983662 10.2294581498 -1.19371493184 -11.4850577363 -0.281030441036
0.631136055646 10.2935037786 -1.19371493184 -11.4250282275 -0.226701905557
0.65894470233 10.3455008185 -1.19371493184 -17.0708540369 1.08420217249e-19
0.687978632886 10.3879300957 -1.19371493184 -11.2993171745 -0.191074290839
0.71829183486 10.432361902 -1.19371493184 -11.2340977164 -0.178774280996
0.749940674555 10.474579931 -1.19371493184 -11.1644248672 -0.170291515587
0.782984001847 10.5161959756 -1.19371493184 -11.0878065343 -0.166421401525
0.817483259608 10.5559522413 -1.19371493184 -11.0007621035 -0.163293234124
0.853502597963 10.5946229206 -1.19371493184 -10.9110908884 -0.162869095854
0.891108993569 10.6316792819 -1.19371493184 -10.821385006 -0.163717372395
0.930372374162 10.6686109664 -1.19371493184 -10.7302647296 -0.164218598156
0.971365748579 10.7037162404 -1.19371493184 -10.6386439886 -0.168594962505
1.01416534252 10.7377793365 -1.19371493184 -10.546363876 -0.172412206939
1.05885074028 10.7708728127 -1.19371493184 -10.4528887813 -0.177289797049
1.10550503275 10.8036491797 -1.19371493184 -10.3587993947 -0.183742106918
1.15421497189 10.8360151359 -1.19371493184 -10.2645093456 -0.186559115823
1.20507113209 10.8742225526 -1.19371493184 -10.1706545915 -0.203269398638
1.25816807852 10.8976531846 -1.19371493184 -10.0774519857 -0.206695203968
1.31360454306 10.9285773013 -1.19371493184 -9.98557573497 -0.210433323246
1.37148360779 10.9584099666 -1.19371493184 -9.89535145956 -0.217377632398
1.43191289675 10.9869278941 -1.19371493184 -9.80733864087 -0.228420483527
1.49500477602 11.0158294712 -1.19371493184 -9.72185119486 -0.219351223882
1.56087656268 11.0430323449 -1.19371493184 -9.6383430877 -0.239972205564
1.62965074292 11.0691271363 -1.19371493184 -9.55946627311 -0.251339161587
1.70145519985 11.097459992 -1.19371493184 -9.48242278911 -0.250223937475
1.77642345127 11.1235087157 -1.19371493184 -9.41094498877 -0.257807222617
1.85469489794 11.1502940493 -1.19371493184 -9.34339229006 -0.255724924927
1.93641508277 11.1760934468 -1.19371493184 -9.28010181079 -0.260633913332
2.0217359615 11.201893913 -1.19371493184 -9.22076845414 -0.258986305512
2.11081618523 11.226362347 -1.19371493184 -9.16531253651 -0.25888919164
2.20382139542 11.2513397888 -1.19371493184 -9.11176149714 -0.256458856115
2.30092453188 11.2746377701 -1.19371493184 -9.04251884113 -0.262468712842
2.4023061544 11.2986691487 -1.19371493184 -8.97173765567 -0.268119953071
2.50815477844 11.3217412644 -1.19371493184 -8.89930949276 -0.274399108881
2.6186672257 11.3445579402 -1.19371493184 -8.82181837219 -0.282771316627
2.73404899007 11.366699454 -1.19371493184 -8.73602294543 -0.294492407471
2.85451461979 11.3887394639 -1.19371493184 -8.64432121425 -0.30872516064
2.98028811633 11.409899845 -1.19371493184 -8.55151034352 -0.324004439777
3.11160335098 11.4315386775 -1.19371493184 -8.45938455313 -0.339702329301
3.24870449967 11.4522360569 -1.19371493184 -8.36790331105 -0.355818829212
3.39184649703 11.4728457846 -1.19371493184 -8.2761646231 -0.372772549898
3.54129551043 11.4933292197 -1.19371493184 -8.18426203303 -0.390772796552
3.69732943493 11.51306676 -1.19371493184 -8.09179744395 -0.410238179562
3.86023840995 11.5330583282 -1.19371493184 -7.9987192617 -0.431168698928
4.03032535887 11.5526674595 -1.19371493184 -7.90543292618 -0.453355049455
4.20790655221 11.5719057809 -1.19371493184 -7.81209490834 -0.476797231144
4.3933121958 11.5910634638 -1.19371493184 -7.71836939594 -0.501704549189
4.58688704473 11.6098797389 -1.19371493184 -7.62573864961 -0.527449088009
4.78899104443 11.6290968865 -1.19371493184 -7.53460335493 -0.553612237215
5.0 11.6489406913 -1.19371493184 -7.44478576769 -0.580612607197