Mass Entropy Slope Intercept Offset
0.303236406149 9.45907541883 -1.19364733068 -12.5282634333 -1.4497946083
0.316597382763 9.5038667227 -1.19364733068 -12.4622947224 -1.35809074199
0.330547060776 9.54766853258 -1.19364733068 -12.3885402766 -1.26350790768
0.345111379108 9.5904106923 -1.19364733068 -12.3275166651 -1.15153540428
0.360317419584 9.63142493184 -1.19364733068 -12.253320625 -1.05949739959
0.376193457287 9.66917315263 -1.19364733068 -12.1888676615 -0.956219730736
0.392769013135 9.71789988274 -1.19364733068 -12.1233876911 -0.860152412479
0.410074908776 9.76813786823 -1.19364733068 -12.0542066113 -0.768962684331
0.428143323898 9.82354084669 -1.19364733068 -11.9872165857 -0.660847308706
0.447007856067 9.88177078724 -1.19364733068 -11.9213697604 -0.576834172668
0.466703583197 9.94199356101 -1.19364733068 -11.8616504414 -0.493619377381
0.554555546096 10.1713437361 -1.19364733068 -11.6096147323 -0.285658464755
0.578989959421 10.2226281733 -1.19364733068 -11.5464407989 -0.280411765295
0.604500983662 10.2740519835 -1.19364733068 -11.4872018106 -0.229542532036
0.631136055646 10.3383076279 -1.19364733068 -11.4239784147 -0.205282922899
0.65894470233 10.386594505 -1.19364733068 -11.3616216809 -0.187893253811
0.687978632886 10.4328230696 -1.19364733068 -11.2996441816 -0.174108760021
0.71829183486 10.4774554535 -1.19364733068 -11.2346801284 -0.16350530326
0.749940674555 10.5205432889 -1.19364733068 -11.1648422306 -0.156082883527
0.782984001847 10.5620122528 -1.19364733068 -11.0884695704 -0.151417362552
0.817483259608 10.6026709043 -1.19364733068 -11.0013603345 -0.149932878605
0.853502597963 10.641944605 -1.19364733068 -10.9119352124 -0.15014494774
0.891108993569 10.6800384266 -1.19364733068 -10.8217124798 -0.151205293417
0.930372374162 10.716943392 -1.19364733068 -10.7308372315 -0.153325984769
0.971365748579 10.7528218622 -1.19364733068 -10.6393530285 -0.156294952662
1.01416534252 10.7878097561 -1.19364733068 -10.5467629665 -0.159900127961
1.05885074028 10.8223531263 -1.19364733068 -10.4534793516 -0.164565648936
1.10550503275 10.8557863327 -1.19364733068 -10.3590931687 -0.170079446452
1.15421497189 10.8880049141 -1.19364733068 -10.2652747172 -0.179760017828
1.20507113209 10.9220046608 -1.19364733068 -10.1710014223 -0.173933315707
1.25816807852 10.9541031096 -1.19364733068 -10.0776163211 -0.181781415526
1.31360454306 10.9839765097 -1.19364733068 -9.98582630367 -0.199382439992
1.37148360779 11.0150393814 -1.19364733068 -9.89577162849 -0.202378989289
1.43191289675 11.0456723743 -1.19364733068 -9.80766314127 -0.207131534595
1.49500477602 11.074536266 -1.19364733068 -9.72205869 -0.217202942254
1.56087656268 11.1028647999 -1.19364733068 -9.63946228453 -0.224427867601
1.62965074292 11.13130274 -1.19364733068 -9.55984891152 -0.229421452623
1.70145519985 11.158211766 -1.19364733068 -9.48336694867 -0.237205909587
1.77642345127 11.1873301225 -1.19364733068 -9.41059540254 -0.235721625195
1.85469489794 11.2134849588 -1.19364733068 -9.34362004113 -0.241514610611
1.93641508277 11.2413263103 -1.19364733068 -9.27985367317 -0.239976660977
2.0217359615 11.2687826844 -1.19364733068 -9.22152833535 -0.2380718405
2.11081618523 11.294280785 -1.19364733068 -9.16619745454 -0.239717685603
2.20382139542 11.3194416677 -1.19364733068 -9.11240689752 -0.240051471661
2.30092453188 11.3451288817 -1.19364733068 -9.04312748911 -0.242584719445
2.4023061544 11.3696227518 -1.19364733068 -8.97207628788 -0.247608044093
2.50815477844 11.3936724247 -1.19364733068 -8.89972912872 -0.253259284322
2.6186672257 11.4173319345 -1.19364733068 -8.82202336235 -0.260794271293
2.73404899007 11.4408025793 -1.19364733068 -8.73644099138 -0.271050225782
2.85451461979 11.4637442287 -1.19364733068 -8.64467891549 -0.283817842595
2.98028811633 11.4862323883 -1.19364733068 -8.55194487633 -0.297631985376
3.11160335098 11.5084684272 -1.19364733068 -8.45974334501 -0.311655433351
3.24870449967 11.5302583021 -1.19364733068 -8.36821708081 -0.326516102101
3.39184649703 11.551552487 -1.19364733068 -8.27680587107 -0.342004686431
3.54129551043 11.572810722 -1.19364733068 -8.18485702733 -0.358749101923
3.69732943493 11.5933906198 -1.19364733068 -8.09226652305 -0.376540043384
3.86023840995 11.6142630558 -1.19364733068 -7.99916100221 -0.395586816006
4.03032535887 11.63504005 -1.19364733068 -7.90572080001 -0.415889419791
4.20790655221 11.6551896084 -1.19364733068 -7.81243083688 -0.437447854737
4.3933121958 11.6749427191 -1.19364733068 -7.71912202795 -0.460262120846
4.58688704473 11.6947195507 -1.19364733068 -7.62644730781 -0.483913607728
4.78899104443 11.7145109207 -1.19364733068 -7.53484655603 -0.508402315386
5.0 11.7347884187 -1.19364733068 -7.4451684645 -0.532891023044