Mass Entropy Slope Intercept Offset
0.303236406149 7.98760018697 -1.14880743247 -12.8672927408 -26.4897677503
0.316597382763 8.00169949125 -1.14880743247 -12.8015690678 -26.3468331532
0.330547060776 8.0200985649 -1.14880743247 -12.7287946956 -26.4225418344
0.345111379108 8.04163371874 -1.14880743247 -12.661028212 -26.3398348717
0.360317419584 8.06350980038 -1.14880743247 -12.5973436908 -26.123948492
0.376193457287 8.08473248149 -1.14880743247 -12.5261596092 -26.0970157119
0.392769013135 8.10106697893 -1.14880743247 -12.452648117 -26.1054984773
0.410074908776 8.11860894648 -1.14880743247 -12.3862305492 -25.8751913964
0.428143323898 8.13284570588 -1.14880743247 -12.3256671501 -25.4451151902
0.447007856067 8.14780758182 -1.14880743247 -12.2604448133 -25.1009269837
0.466703583197 8.163896366 -1.14880743247 -12.1936023845 -24.7885491475
0.487267128783 8.1819471481 -1.14880743247 -12.1362577062 -24.202814196
0.508736729994 8.20207698436 -1.14880743247 -12.0725762429 -23.7818569626
0.531152308779 8.22409667383 -1.14880743247 -12.0062312163 -23.3985052735
0.554555546096 8.24835852099 -1.14880743247 -11.9461808522 -22.8790786539
0.578989959421 8.27473555224 -1.14880743247 -11.8826727526 -22.4377627835
0.604500983662 8.30019040523 -1.14880743247 -11.8226279297 -21.9264640985
0.631136055646 8.32543625909 -1.14880743247 -11.7590733629 -21.516322391
0.65894470233 8.35127773096 -1.14880743247 -11.6969885719 -21.0881548069
0.782984001847 8.45305780995 -1.14880743247 -11.429438744 -20.2678713919
0.817483259608 8.47892194762 -1.14880743247 -11.3449931682 -20.523626769
0.853502597963 8.50377418619 -1.14880743247 -11.2559501565 -20.9488253851
0.891108993569 8.52801501682 -1.14880743247 -11.1654520053 -21.5057189342
0.930372374162 8.55026608608 -1.14880743247 -11.0739899066 -22.1996091447
0.971365748579 8.57077957916 -1.14880743247 -10.982268795 -23.0086528956
1.01416534252 8.59037736632 -1.14880743247 -10.889099404 -23.9553295152
1.05885074028 8.6078060856 -1.14880743247 -10.7959075738 -25.0341252061
1.10550503275 8.6241607568 -1.14880743247 -10.7020185812 -26.1542743784
1.15421497189 8.63905769958 -1.14880743247 -10.6072544125 -27.1649958769
1.20507113209 8.65276344452 -1.14880743247 -10.5128237114 -28.0743483287
1.25816807852 8.66501953208 -1.14880743247 -10.4183591275 -28.9302593585
1.31360454306 8.67512013894 -1.14880743247 -10.326022749 -29.7662358896
1.37148360779 8.68399767797 -1.14880743247 -10.2349414542 -30.5816417145
1.43191289675 8.69158560972 -1.14880743247 -10.1462449381 -31.3463630161
1.49500477602 8.69868991754 -1.14880743247 -10.0594046726 -32.0243480415
1.56087656268 8.70454745163 -1.14880743247 -9.97617614888 -32.7023330668
1.62965074292 8.71172540948 -1.14880743247 -9.89564335384 -33.2942180232
1.70145519985 8.71988730378 -1.14880743247 -9.81844831475 -33.7787959972
1.77642345127 8.72919051133 -1.14880743247 -9.74512200442 -34.1185307518
1.85469489794 8.73913754257 -1.14880743247 -9.6758493986 -34.2854291612
1.93641508277 8.74958950232 -1.14880743247 -9.61097256245 -34.1961480553
2.0217359615 8.75728251672 -1.14880743247 -9.55068064716 -34.0313703372
2.11081618523 8.76366380215 -1.14880743247 -9.49408384761 -33.7011786937
2.20382139542 8.76930157478 -1.14880743247 -9.44061056982 -33.2257196925
2.30092453188 8.7762224343 -1.14880743247 -9.37710099355 -33.0732419843
2.4023061544 8.78420573809 -1.14880743247 -9.30648826607 -33.1421644532
2.50815477844 8.79248932104 -1.14880743247 -9.23498044901 -33.2210541715
2.6186672257 8.80116608919 -1.14880743247 -9.15976081814 -33.4097957019
2.73404899007 8.80988444566 -1.14880743247 -9.07731155571 -33.8375391476
2.85451461979 8.81939469072 -1.14880743247 -8.98687132074 -34.4457534274
2.98028811633 8.82788622115 -1.14880743247 -8.8940673559 -35.2276740653
3.11160335098 8.83658300711 -1.14880743247 -8.80191460054 -36.3735313965
3.24870449967 8.84583552672 -1.14880743247 -8.71024883656 -36.4251159917
3.39184649703 8.85558364498 -1.14880743247 -8.61891040846 -37.4650129455
3.54129551043 8.86580249558 -1.14880743247 -8.5269119474 -37.4850852454
3.69732943493 8.87653429858 -1.14880743247 -8.43472332666 -38.6934414891
3.86023840995 8.88766515937 -1.14880743247 -8.34191972591 -39.2070959254
4.03032535887 8.89995420161 -1.14880743247 -8.24857777272 -39.4081232795
4.20790655221 8.91326231056 -1.14880743247 -8.15498028426 -40.2459600711
4.3933121958 8.92760368399 -1.14880743247 -8.06153272335 -40.6107125634
4.58688704473 8.94269086353 -1.14880743247 -7.96823127318 -40.3104123169
4.78899104443 8.95843321762 -1.14880743247 -7.8761439916 -38.4422948908
5.0 8.97494354725 -1.14880743247 -7.78562565224 -38.9927532977