Mass Entropy Slope Intercept Offset
0.303236406149 9.49674168237 -1.18960742607 -12.56253371 -1.28916827304
0.316597382763 9.54101296049 -1.18960742607 -12.4896497105 -1.20200785846
0.330547060776 9.58575687114 -1.18960742607 -12.4231598693 -1.10763709329
0.345111379108 9.6282990375 -1.18960742607 -12.3531653127 -1.01771977995
0.360317419584 9.66911777258 -1.18960742607 -12.2806650829 -0.934376609808
0.376193457287 9.71098983822 -1.18960742607 -12.2122571906 -0.846367918689
0.392769013135 9.75773332281 -1.18960742607 -12.1466964643 -0.75835922757
0.410074908776 9.80639759005 -1.18960742607 -12.0774073366 -0.677348817914
0.428143323898 9.86061248236 -1.18960742607 -12.0170683672 -0.569732061009
0.447007856067 9.91960685829 -1.18960742607 -11.9494273047 -0.521178424937
0.466703583197 9.98015435946 -1.18960742607 -11.8896818765 -0.436806726651
0.531152308779 10.1544435681 -1.18960742607 -11.6977721635 -0.317101295943
0.554555546096 10.2096210834 -1.18960742607 -11.6382913069 -0.26852778689
0.578989959421 10.2620151615 -1.18960742607 -11.5748961116 -0.241564594426
0.604500983662 10.3263046121 -1.18960742607 -11.5152258065 -0.212091880311
0.631136055646 10.3785648697 -1.18960742607 -11.4524968092 -0.179834626672
0.65894470233 10.4272233091 -1.18960742607 -11.3899092105 -0.164989787206
0.687978632886 10.4739544854 -1.18960742607 -11.3275202161 -0.153325984769
0.71829183486 10.5189498949 -1.18960742607 -11.2624097194 -0.144207011954
0.749940674555 10.5719915089 -1.18960742607 -11.1926712134 -0.137844937897
0.782984001847 10.6049662194 -1.18960742607 -11.1163292228 -0.134027693463
0.817483259608 10.6461186889 -1.18960742607 -11.0290842074 -0.133179416922
0.853502597963 10.685943195 -1.18960742607 -10.9397370812 -0.133391486057
0.891108993569 10.7243276982 -1.18960742607 -10.8495937155 -0.134663900869
0.930372374162 10.7617413646 -1.18960742607 -10.7583544036 -0.136572523086
0.971365748579 10.7986670076 -1.18960742607 -10.6672357913 -0.139329421844
1.01416534252 10.8345461308 -1.18960742607 -10.5745067761 -0.142934597143
1.05885074028 10.8698370392 -1.18960742607 -10.4810681234 -0.147175979847
1.10550503275 10.9041583099 -1.18960742607 -10.3870165301 -0.152053569957
1.15421497189 10.9380552912 -1.18960742607 -10.2926973981 -0.158507825435
1.20507113209 10.9727747616 -1.18960742607 -10.198099988 -0.155304582649
1.25816807852 11.0041667657 -1.18960742607 -10.1057783579 -0.169273813092
1.31360454306 11.0376476167 -1.18960742607 -10.0137083355 -0.173332187881
1.37148360779 11.0674940416 -1.18960742607 -9.92272495919 -0.185254391793
1.43191289675 11.0992355531 -1.18960742607 -9.83521364826 -0.188666892781
1.49500477602 11.1297399478 -1.18960742607 -9.74994979717 -0.193866377719
1.56087656268 11.1606107985 -1.18960742607 -9.66740842442 -0.19176191129
1.62965074292 11.1899822952 -1.18960742607 -9.58755669015 -0.196892866631
1.70145519985 11.2179135945 -1.18960742607 -9.51152383359 -0.207471418521
1.77642345127 11.2471447005 -1.18960742607 -9.43947236409 -0.207829093957
1.85469489794 11.2747549485 -1.18960742607 -9.37160329744 -0.214648341294
1.93641508277 11.3032804163 -1.18960742607 -9.30865073759 -0.212663483357
2.0217359615 11.3312578642 -1.18960742607 -9.24897066714 -0.211989759238
2.11081618523 11.3585053822 -1.18960742607 -9.19381279843 -0.211775360822
2.20382139542 11.3846811027 -1.18960742607 -9.14011135168 -0.212732593084
2.30092453188 11.4107057522 -1.18960742607 -9.07106390586 -0.216630875432
2.4023061544 11.4360398332 -1.18960742607 -9.00005430497 -0.221026284499
2.50815477844 11.4610895077 -1.18960742607 -8.92762038029 -0.225840303953
2.6186672257 11.4859513626 -1.18960742607 -8.85013537682 -0.232328764956
2.73404899007 11.5101809092 -1.18960742607 -8.76445555139 -0.241328888283
2.85451461979 11.5342778264 -1.18960742607 -8.67276056735 -0.252631368741
2.98028811633 11.5578257399 -1.18960742607 -8.57989741821 -0.264771069973
3.11160335098 11.5811258108 -1.18960742607 -8.48771216877 -0.277329381592
3.24870449967 11.603783596 -1.18960742607 -8.39622708966 -0.290515608792
3.39184649703 11.6261252138 -1.18960742607 -8.30462130279 -0.304329751573
3.54129551043 11.6481543005 -1.18960742607 -8.21270107498 -0.319190420323
3.69732943493 11.6701233835 -1.18960742607 -8.12001604028 -0.335306920234
3.86023840995 11.6912462588 -1.18960742607 -8.0271085046 -0.352469946114
4.03032535887 11.7124138661 -1.18960742607 -7.93393560624 -0.370470192768
4.20790655221 11.7338878949 -1.18960742607 -7.84025439036 -0.389935575778
4.3933121958 11.754430371 -1.18960742607 -7.74676902554 -0.410447484756
4.58688704473 11.7749413889 -1.18960742607 -7.65417574998 -0.432005919702
4.78899104443 11.795324546 -1.18960742607 -7.56273713803 -0.453773659842
5.0 11.8160744655 -1.18960742607 -7.47324162724 -0.475750705176