Mass Entropy Slope Intercept Offset
0.303236406149 9.15741939021 -1.18848284888 -12.5698631966 -2.80334189856
0.316597382763 9.20075251352 -1.18848284888 -12.4950760091 -2.70875906425
0.330547060776 9.24473182578 -1.18848284888 -12.4220473106 -2.57282274857
0.345111379108 9.28810273389 -1.18848284888 -12.3594149572 -2.37679390174
0.360317419584 9.32633956535 -1.18848284888 -12.2890679463 -2.2178190162
0.376193457287 9.36406883164 -1.18848284888 -12.2201305096 -2.05978707628
0.392769013135 9.40346207453 -1.18848284888 -12.1525508517 -1.86557218259
0.410074908776 9.4500340052 -1.18848284888 -12.0864949726 -1.6838289337
0.428143323898 9.50363789578 -1.18848284888 -12.0206616056 -1.50208568481
0.447007856067 9.557908267 -1.18848284888 -11.9558014612 -1.32755278652
0.466703583197 9.61380742 -1.18848284888 -11.8891791724 -1.1691371425
0.487267128783 9.67070336417 -1.18848284888 -11.8325963224 -1.05286454178
0.508736729994 9.726809692 -1.18848284888 -11.7675268182 -0.888662532714
0.531152308779 9.78130608632 -1.18848284888 -11.703222394 -0.771046022882
0.554555546096 9.83405750637 -1.18848284888 -11.6438832459 -0.708505847494
0.631136055646 9.98202271437 -1.18848284888 -11.4604771675 -0.497973951354
0.65894470233 10.0273786523 -1.18848284888 -11.397290527 -0.435387534927
0.71829183486 10.1118907498 -1.18848284888 -11.2703240345 -0.345581403671
0.749940674555 10.1662628748 -1.18848284888 -11.2006565637 -0.311529559648
0.782984001847 10.2067141857 -1.18848284888 -11.1242837409 -0.293079544883
0.817483259608 10.2443229588 -1.18848284888 -11.0367217381 -0.283748502933
0.853502597963 10.2802208416 -1.18848284888 -10.9473574398 -0.277598498012
0.891108993569 10.314800004 -1.18848284888 -10.8569461775 -0.274417460983
0.930372374162 10.3476136008 -1.18848284888 -10.7665155811 -0.273357115307
0.971365748579 10.3794328424 -1.18848284888 -10.6749140433 -0.274417460983
1.01416534252 10.4091597892 -1.18848284888 -10.5826311792 -0.284885416992
1.05885074028 10.4385952703 -1.18848284888 -10.4893840299 -0.268503587906
1.10550503275 10.4672361994 -1.18848284888 -10.3946304474 -0.271228425088
1.15421497189 10.4982151445 -1.18848284888 -10.3009242295 -0.304737986573
1.20507113209 10.5212667563 -1.18848284888 -10.2060539566 -0.311369581313
1.25816807852 10.5465822304 -1.18848284888 -10.1130144447 -0.324568586114
1.31360454306 10.5722709958 -1.18848284888 -10.0219074727 -0.330484091359
1.37148360779 10.5967107353 -1.18848284888 -9.93071226362 -0.341357390454
1.43191289675 10.6204673628 -1.18848284888 -9.84254065585 -0.330741828531
1.49500477602 10.6437574777 -1.18848284888 -9.75799713964 -0.331711382225
1.56087656268 10.6664587926 -1.18848284888 -9.67511739401 -0.364637358726
1.62965074292 10.6879181983 -1.18848284888 -9.59544066925 -0.383178330557
1.70145519985 10.7103109398 -1.18848284888 -9.51922762707 -0.39633024711
1.77642345127 10.7315646361 -1.18848284888 -9.4472881735 -0.394197679142
1.85469489794 10.7523534145 -1.18848284888 -9.37959905542 -0.40459212444
1.93641508277 10.7727296957 -1.18848284888 -9.31571125088 -0.401613757195
2.0217359615 10.7914526257 -1.18848284888 -9.25741768683 -0.410655060685
2.11081618523 10.8111481078 -1.18848284888 -9.20158178464 -0.403967799018
2.20382139542 10.8291435634 -1.18848284888 -9.14810720295 -0.40954440938
2.30092453188 10.847228422 -1.18848284888 -9.07894414099 -0.416872072596
2.4023061544 10.8651618603 -1.18848284888 -9.00813339524 -0.423633711956
2.50815477844 10.8820197128 -1.18848284888 -8.93566869908 -0.43472688722
2.6186672257 10.8992738873 -1.18848284888 -8.85801755028 -0.448959640388
2.73404899007 10.915930827 -1.18848284888 -8.772351786 -0.468634328592
2.85451461979 10.9321674594 -1.18848284888 -8.68083231108 -0.493123036249
2.98028811633 10.9484394863 -1.18848284888 -8.58799423833 -0.519704795843
3.11160335098 10.9644518139 -1.18848284888 -8.49591046237 -0.547751691793
3.24870449967 10.9802253227 -1.18848284888 -8.40440786747 -0.577263724098
3.39184649703 10.9966949912 -1.18848284888 -8.31260743312 -0.608659503146
3.54129551043 11.0117628877 -1.18848284888 -8.22090801496 -0.642148334131
3.69732943493 11.0267724602 -1.18848284888 -8.12809174804 -0.67814882744
3.86023840995 11.0413932796 -1.18848284888 -8.03536802521 -0.716033067491
4.03032535887 11.0564918519 -1.18848284888 -7.94190355782 -0.756010359479
4.20790655221 11.0709911712 -1.18848284888 -7.84823063992 -0.798080703403
4.3933121958 11.0855817925 -1.18848284888 -7.75496331942 -0.84140687849
4.58688704473 11.1003865093 -1.18848284888 -7.66259328119 -0.885151663963
4.78899104443 11.1164620796 -1.18848284888 -7.57093216416 -0.929524365018
5.0 11.133612266 -1.18848284888 -7.48146015685 -0.973269150492