Mass Entropy Slope Intercept Offset
0.316597382763 9.89427775517 -1.19856567487 -12.4224647102 -0.556111493073
0.330547060776 9.93289521292 -1.19856567487 -12.3572130142 -0.508753855408
0.345111379108 9.96942447645 -1.19856567487 -12.2907796818 -0.465491751822
0.360317419584 10.0060456645 -1.19856567487 -12.2170946729 -0.417863713655
0.392769013135 10.0850687073 -1.19856567487 -12.0830832062 -0.351136941516
0.410074908776 10.1291997759 -1.19856567487 -12.0189741835 -0.325751944368
0.428143323898 10.1751127419 -1.19856567487 -11.9490914066 -0.309401360849
0.508736729994 10.3999154111 -1.19856567487 -11.6951246533 -0.172656011844
0.554555546096 10.5283089394 -1.19856567487 -11.5768558002 -0.137296812799
0.578989959421 10.5893418898 -1.19856567487 -11.5144119761 -0.121413450302
0.604500983662 10.646040207 -1.19856567487 -11.4532613634 -0.113444578583
0.631136055646 10.7061719239 -1.19856567487 -11.3910336968 -0.0976237036929
0.65894470233 10.7615990107 -1.19856567487 -11.3276211475 -0.0928707418585
0.687978632886 10.8150626002 -1.19856567487 -11.2655344671 -0.0884328293895
0.71829183486 10.8682461917 -1.19856567487 -11.2004518752 -0.0841914466849
0.749940674555 10.9202174055 -1.19856567487 -11.1306540495 -0.0812224787918
0.782984001847 10.9708101498 -1.19856567487 -11.0545098794 -0.0795259257099
0.817483259608 11.0215022672 -1.19856567487 -10.967270135 -0.0790992979761
0.853502597963 11.0708320938 -1.19856567487 -10.8777794774 -0.0799500639804
0.891108993569 11.1192660902 -1.19856567487 -10.787232187 -0.0810104096565
0.930372374162 11.1893545324 -1.19856567487 -10.6967062994 -0.0822828244679
0.971365748579 11.2154553109 -1.19856567487 -10.6050786342 -0.0841914466849
1.01416534252 11.2632949927 -1.19856567487 -10.5124707365 -0.0863121380372
1.05885074028 11.3098945452 -1.19856567487 -10.4186249959 -0.0886448985247
1.10550503275 11.3574241243 -1.19856567487 -10.3253791675 -0.0873381451074
1.15421497189 11.4011642281 -1.19856567487 -10.2311254143 -0.0941586960406
1.20507113209 11.44530021 -1.19856567487 -10.1375353732 -0.0971276639337
1.25816807852 11.4915577354 -1.19856567487 -10.044080143 -0.095608038755
1.31360454306 11.533435711 -1.19856567487 -9.95202424501 -0.103277668855
1.37148360779 11.5772088246 -1.19856567487 -9.86144943366 -0.106458705884
1.43191289675 11.6208121665 -1.19856567487 -9.77370120479 -0.109427673777
1.49500477602 11.6633405468 -1.19856567487 -9.68777143865 -0.112608710805
1.56087656268 11.7055240288 -1.19856567487 -9.60552426258 -0.115153540428
1.62965074292 11.7471815735 -1.19856567487 -9.52574939291 -0.117698370051
1.70145519985 11.7886225348 -1.19856567487 -9.44902195533 -0.119606992268
1.77642345127 11.8288784537 -1.19856567487 -9.37702353658 -0.121091476214
1.85469489794 11.8677651571 -1.19856567487 -9.30977619825 -0.122282360533
1.93641508277 11.9086619505 -1.19856567487 -9.24626171952 -0.119597617819
2.0217359615 11.9467091836 -1.19856567487 -9.18783670649 -0.120490656644
2.11081618523 11.9854250486 -1.19856567487 -9.13217913924 -0.11902655417
2.20382139542 12.0210399713 -1.19856567487 -9.07833637675 -0.119710867971
2.30092453188 12.05936747 -1.19856567487 -9.00898219479 -0.118426713162
2.4023061544 12.0954097424 -1.19856567487 -8.93771944457 -0.122409889321
2.50815477844 12.1321700276 -1.19856567487 -8.86568657208 -0.123539317496
2.6186672257 12.1647944018 -1.19856567487 -8.78817229392 -0.127942267088
2.73404899007 12.2046368802 -1.19856567487 -8.70231959038 -0.126397042364
2.85451461979 12.2378297893 -1.19856567487 -8.61074121611 -0.137214148856
2.98028811633 12.2733467729 -1.19856567487 -8.5178568956 -0.142746142072
3.11160335098 12.3076756329 -1.19856567487 -8.42578863773 -0.149443908269
3.24870449967 12.3407325873 -1.19856567487 -8.33423318127 -0.15635097966
3.39184649703 12.3749201236 -1.19856567487 -8.2426571536 -0.163467356244
3.54129551043 12.4071428784 -1.19856567487 -8.15069162568 -0.171420953603
3.69732943493 12.4389313909 -1.19856567487 -8.05792920812 -0.179793161349
3.86023840995 12.4698656338 -1.19856567487 -7.96508213093 -0.18900258987
4.03032535887 12.5006559871 -1.19856567487 -7.87167350991 -0.198630628778
4.20790655221 12.5303818743 -1.19856567487 -7.77817057887 -0.209095888461
4.3933121958 12.5588698022 -1.19856567487 -7.68489284504 -0.219979758531
4.58688704473 12.5875106068 -1.19856567487 -7.59204793185 -0.231700849375
4.78899104443 12.6148806688 -1.19856567487 -7.50056458325 -0.24342194022
5.0 12.6402033095 -1.19856567487 -7.41067880196 -0.255352336258