Mass Entropy Slope Intercept Offset
0.303236406149 9.43879520633 -1.19340078859 -12.5280572837 -1.52326742571
0.316597382763 9.48432549378 -1.19340078859 -12.4607697423 -1.42764941835
0.330547060776 9.52828860977 -1.19340078859 -12.3935913623 -1.31885795197
0.345111379108 9.57030145329 -1.19340078859 -12.321146537 -1.22024580409
0.376193457287 9.65358527642 -1.19340078859 -12.1911694592 -1.00308700962
0.392769013135 9.69961763236 -1.19340078859 -12.1263359281 -0.902354170389
0.410074908776 9.74857754856 -1.19340078859 -12.0520623762 -0.813035912686
0.428143323898 9.80195289809 -1.19340078859 -11.9871144262 -0.71615746966
0.447007856067 9.86129549021 -1.19340078859 -11.9253819643 -0.628944890878
0.466703583197 9.92139103726 -1.19340078859 -11.8594316165 -0.559324865555
0.487267128783 9.9809798465 -1.19340078859 -11.7932809169 -0.448593588496
0.554555546096 10.1500387915 -1.19340078859 -11.6123649078 -0.281566020097
0.578989959421 10.2021643446 -1.19340078859 -11.5479725986 -0.279279608565
0.604500983662 10.2520720928 -1.19340078859 -11.4896342174 -0.261552573939
0.631136055646 10.3167531436 -1.19340078859 -11.4253054469 -0.214826033984
0.65894470233 10.3646793062 -1.19340078859 -11.3636174951 -0.196588088355
0.687978632886 10.4116563274 -1.19340078859 -11.3013116889 -0.17633476178
0.71829183486 10.455416482 -1.19340078859 -11.2360590504 -0.170291515587
0.749940674555 10.4984234696 -1.19340078859 -11.1663774205 -0.162232888448
0.782984001847 10.5395284617 -1.19340078859 -11.0900639177 -0.157355298338
0.817483259608 10.5799025622 -1.19340078859 -11.0030538592 -0.155870814391
0.853502597963 10.6189756811 -1.19340078859 -10.9136845314 -0.155658745256
0.891108993569 10.6567009452 -1.19340078859 -10.8233512446 -0.156719090932
0.930372374162 10.6929708404 -1.19340078859 -10.7325032768 -0.158839782285
0.971365748579 10.7285025622 -1.19340078859 -10.6411675582 -0.161596681043
1.01416534252 10.7629033623 -1.19340078859 -10.5486077854 -0.165413925477
1.05885074028 10.7964898211 -1.19340078859 -10.455128261 -0.170291515587
1.10550503275 10.8300255228 -1.19340078859 -10.360651044 -0.176795328626
1.15421497189 10.8620705625 -1.19340078859 -10.2665973681 -0.184052857937
1.20507113209 10.8949154897 -1.19340078859 -10.1724420758 -0.189082332481
1.25816807852 10.9263888223 -1.19340078859 -10.0793878279 -0.196121412465
1.31360454306 10.9577559832 -1.19340078859 -9.98767303577 -0.193241842235
1.37148360779 10.9870702178 -1.19340078859 -9.89748816331 -0.213000045925
1.43191289675 11.0169144228 -1.19340078859 -9.80929986522 -0.211336904958
1.49500477602 11.0464295324 -1.19340078859 -9.72362655849 -0.209870393054
1.62965074292 11.0996905284 -1.19340078859 -9.56148766667 -0.240414076405
1.70145519985 11.1287497658 -1.19340078859 -9.48549312099 -0.237826371736
1.77642345127 11.1554087983 -1.19340078859 -9.41328636995 -0.245093613629
1.85469489794 11.1817022901 -1.19340078859 -9.34561113058 -0.250513404703
1.93641508277 11.2095244017 -1.19340078859 -9.28228140344 -0.249020537553
2.0217359615 11.2357391064 -1.19340078859 -9.22324794459 -0.247402261011
2.11081618523 11.2610175879 -1.19340078859 -9.16794922502 -0.248137049372
2.20382139542 11.2863208713 -1.19340078859 -9.1139493035 -0.246770823318
2.30092453188 11.3106726841 -1.19340078859 -9.04483078277 -0.251375537579
2.4023061544 11.3342990235 -1.19340078859 -8.97371722078 -0.256817472614
2.50815477844 11.3579265786 -1.19340078859 -8.90133312787 -0.262678018036
2.6186672257 11.3813606171 -1.19340078859 -8.82390848575 -0.270631615395
2.73404899007 11.4042674168 -1.19340078859 -8.73813602601 -0.281724790659
2.85451461979 11.4269419352 -1.19340078859 -8.64661315049 -0.294911017859
2.98028811633 11.4488627533 -1.19340078859 -8.55350375126 -0.309562381415
3.11160335098 11.4704747415 -1.19340078859 -8.46152782823 -0.324423050164
3.24870449967 11.4918305789 -1.19340078859 -8.37011392157 -0.339702329301
3.39184649703 11.5129376626 -1.19340078859 -8.27830679705 -0.355818829212
3.54129551043 11.533571688 -1.19340078859 -8.1862475987 -0.373191160285
3.69732943493 11.5540628068 -1.19340078859 -8.09390176624 -0.391819322521
3.86023840995 11.5746230683 -1.19340078859 -8.0008442392 -0.411494010724
4.03032535887 11.59454193 -1.19340078859 -7.9077402902 -0.432633835283
4.20790655221 11.6141840212 -1.19340078859 -7.81424600065 -0.455029491004
4.3933121958 11.6335682635 -1.19340078859 -7.72086057472 -0.478890283081
4.58688704473 11.6528486101 -1.19340078859 -7.62785452143 -0.503797601126
4.78899104443 11.6725505243 -1.19340078859 -7.53655557328 -0.52870491917
5.0 11.6925637541 -1.19340078859 -7.44697449872 -0.55444945799