Mass Entropy Slope Intercept Offset
0.303236406149 8.64692516437 -1.16298470902 -12.7462817765 -6.35613612101
0.316597382763 8.66904386391 -1.16298470902 -12.6818791049 -6.24904120772
0.330547060776 8.69509724381 -1.16298470902 -12.6101400157 -6.19305495602
0.345111379108 8.7256667388 -1.16298470902 -12.5365524322 -6.14639974627
0.360317419584 8.76109347684 -1.16298470902 -12.4760342654 -6.01640136638
0.376193457287 8.79927038141 -1.16298470902 -12.4060558682 -5.95596166284
0.392769013135 8.83286324614 -1.16298470902 -12.3342033719 -5.91206335185
0.410074908776 8.86561136812 -1.16298470902 -12.2685984857 -5.82723569775
0.428143323898 8.90353204613 -1.16298470902 -12.2052331178 -5.72565458198
0.447007856067 8.94354603075 -1.16298470902 -12.1375261538 -5.6228010514
0.466703583197 8.98553686305 -1.16298470902 -12.0694982511 -5.37764913107
0.487267128783 9.02714822047 -1.16298470902 -12.0095315598 -4.9774746729
0.508736729994 9.06984954652 -1.16298470902 -11.9443638654 -4.55715364688
0.531152308779 9.11051474035 -1.16298470902 -11.8844395707 -4.10608259625
0.554555546096 9.15671726162 -1.16298470902 -11.8205311289 -3.69615295786
0.578989959421 9.20195470663 -1.16298470902 -11.7610475526 -3.30000781326
0.604500983662 9.2473652298 -1.16298470902 -11.6993596845 -2.94860925619
0.631136055646 9.29291822631 -1.16298470902 -11.6370035999 -2.63601935087
0.65894470233 9.33665323284 -1.16298470902 -11.5748445545 -2.36732775653
0.687978632886 9.37807498735 -1.16298470902 -11.5126368707 -2.13584522766
0.71829183486 9.41705957387 -1.16298470902 -11.4474945062 -1.97196110363
0.749940674555 9.45344783859 -1.16298470902 -11.377693631 -1.78178882147
0.782984001847 9.48714236671 -1.16298470902 -11.3015969883 -1.69710447714
0.817483259608 9.5197779835 -1.16298470902 -11.2140856649 -1.62744783662
0.853502597963 9.5500152033 -1.16298470902 -11.1251274565 -1.55399449048
0.891108993569 9.57864790692 -1.16298470902 -11.0344031957 -1.50859730228
0.930372374162 9.60577490534 -1.16298470902 -10.9434309738 -1.46063844025
1.20507113209 9.74486480341 -1.16298470902 -10.3835581702 -1.33362269536
1.25816807852 9.76549964575 -1.16298470902 -10.2903130249 -1.33263999804
1.31360454306 9.78598707882 -1.16298470902 -10.1984458777 -1.34797651272
1.37148360779 9.80472942815 -1.16298470902 -10.1085369869 -1.3071904802
1.43191289675 9.82244209904 -1.16298470902 -10.0201778794 -1.31005680554
1.56087656268 9.8651313567 -1.16298470902 -9.85180583443 -1.23915978134
1.62965074292 9.88133026252 -1.16298470902 -9.77227052564 -1.2732212324
1.70145519985 9.89671712269 -1.16298470902 -9.69587844294 -1.25780330035
1.77642345127 9.91223038309 -1.16298470902 -9.62397391958 -1.25501099318
1.85469489794 9.92793760687 -1.16298470902 -9.55568842836 -1.2512684638
1.93641508277 9.94334338027 -1.16298470902 -9.4931661954 -1.15077636917
2.0217359615 9.95787512563 -1.16298470902 -9.43382131745 -1.16743670383
2.11081618523 9.97135490438 -1.16298470902 -9.3786168683 -1.17520340839
2.20382139542 9.98391784949 -1.16298470902 -9.32485978575 -1.1583778847
2.30092453188 9.99562414202 -1.16298470902 -9.25571432206 -1.16495686206
2.4023061544 10.0074452776 -1.16298470902 -9.18487405106 -1.17731710641
2.50815477844 10.0184898531 -1.16298470902 -9.11263320676 -1.20412430912
2.6186672257 10.0294916184 -1.16298470902 -9.03523124594 -1.23160564559
2.73404899007 10.040210804 -1.16298470902 -8.94975150258 -1.28204717372
2.85451461979 10.0505161676 -1.16298470902 -8.85833819775 -1.33519006532
2.98028811633 10.061185405 -1.16298470902 -8.76532506444 -1.38968116054
3.11160335098 10.07106494 -1.16298470902 -8.67335932041 -1.45799714821
3.24870449967 10.0809169916 -1.16298470902 -8.5819332365 -1.51226555042
3.39184649703 10.0905751902 -1.16298470902 -8.49030418431 -1.58520663262
3.54129551043 10.1003818219 -1.16298470902 -8.39846311322 -1.70562949773
3.69732943493 10.1101867275 -1.16298470902 -8.30614654303 -1.7910310485
3.86023840995 10.1202791596 -1.16298470902 -8.21318208668 -1.87845434454
4.03032535887 10.1305601381 -1.16298470902 -8.11991302077 -1.97495418971
4.20790655221 10.1404136591 -1.16298470902 -8.02676402692 -2.07826375994
4.3933121958 10.150305932 -1.16298470902 -7.9330420436 -2.18113551261
4.58688704473 10.1602081338 -1.16298470902 -7.84090037911 -2.29215432937
4.78899104443 10.1713068999 -1.16298470902 -7.74948138231 -2.39326800361
5.0 10.1838889659 -1.16298470902 -7.66009803191 -2.56377227016