Mass Entropy Slope Intercept Offset
0.303236406149 9.83316413136 -1.19703683702 -12.5071287945 -0.631821237636
0.316597382763 9.87159335435 -1.19703683702 -12.437072526 -0.566648729325
0.330547060776 9.91245035286 -1.19703683702 -12.3700046011 -0.520629726981
0.345111379108 9.95134275065 -1.19703683702 -12.3035881916 -0.438934635004
0.360317419584 9.9899011289 -1.19703683702 -12.2282712891 -0.440467593866
0.376193457287 10.0306096216 -1.19703683702 -12.1675518327 -0.398902043361
0.392769013135 10.0730219973 -1.19703683702 -12.0993756519 -0.361045874172
0.428143323898 10.1614365873 -1.19703683702 -11.9617973347 -0.310601903073
0.508736729994 10.387446446 -1.19703683702 -11.7097918913 -0.183601314951
0.531152308779 10.449194708 -1.19703683702 -11.646906783 -0.154562851446
0.554555546096 10.5160569957 -1.19703683702 -11.5859161262 -0.142488134248
0.578989959421 10.5781985607 -1.19703683702 -11.5237394096 -0.122685916377
0.604500983662 10.6369272516 -1.19703683702 -11.4610761482 -0.110700088588
0.631136055646 10.6931285638 -1.19703683702 -11.4007907445 -0.101581115774
0.65894470233 10.7478499631 -1.19703683702 -11.338389338 -0.0947949034463
0.687978632886 10.8016011612 -1.19703683702 -11.2761898664 -0.0890690367951
0.71829183486 10.8540616886 -1.19703683702 -11.2109202614 -0.0848276540906
0.749940674555 10.9047803989 -1.19703683702 -11.141384349 -0.0823753079578
0.782984001847 10.9560833533 -1.19703683702 -11.0649539618 -0.0799500639804
0.817483259608 11.0052930581 -1.19703683702 -10.9776065194 -0.0799500639804
0.853502597963 11.0536919299 -1.19703683702 -10.8885366308 -0.0805862713861
0.891108993569 11.1023150329 -1.19703683702 -10.7981413006 -0.0816466170622
0.930372374162 11.1704434972 -1.19703683702 -10.7071555429 -0.0831311010088
0.971365748579 11.1973082578 -1.19703683702 -10.6155065809 -0.0848276540906
1.01416534252 11.2439155171 -1.19703683702 -10.5227335383 -0.0871604145781
1.05885074028 11.2891611373 -1.19703683702 -10.4297736253 -0.0894931750656
1.10550503275 11.3368430653 -1.19703683702 -10.3358356354 -0.0881449639998
1.15421497189 11.3805145248 -1.19703683702 -10.2417586008 -0.0937554543268
1.20507113209 11.4237570556 -1.19703683702 -10.1474582984 -0.0981880096099
1.25816807852 11.4669386778 -1.19703683702 -10.0544893429 -0.101369046638
1.31360454306 11.510346241 -1.19703683702 -9.96265587783 -0.104550083667
1.37148360779 11.5528881252 -1.19703683702 -9.87211647566 -0.107731120695
1.43191289675 11.5959546494 -1.19703683702 -9.78432862321 -0.110912157723
1.49500477602 11.6379178149 -1.19703683702 -9.69878685014 -0.113881125617
1.56087656268 11.6795949948 -1.19703683702 -9.61588643644 -0.116638024375
1.62965074292 11.720654422 -1.19703683702 -9.53597413228 -0.119182853997
1.70145519985 11.7609271234 -1.19703683702 -9.46007528586 -0.121091476214
1.77642345127 11.8006189536 -1.19703683702 -9.38751540857 -0.122965172566
1.85469489794 11.8412348649 -1.19703683702 -9.32024544862 -0.120070021681
1.93641508277 11.8791442372 -1.19703683702 -9.25722984397 -0.122015078885
2.0217359615 11.9139204022 -1.19703683702 -9.19803293052 -0.12487084296
2.11081618523 11.9540697996 -1.19703683702 -9.14262090064 -0.120161864858
2.20382139542 11.9901021115 -1.19703683702 -9.08875512548 -0.120878235257
2.4023061544 12.0638475571 -1.19703683702 -8.94880269191 -0.121758890386
2.50815477844 12.0976742352 -1.19703683702 -8.87621558485 -0.126567226808
2.6186672257 12.133058475 -1.19703683702 -8.79861874486 -0.129156329986
2.73404899007 12.1661102358 -1.19703683702 -8.71314733818 -0.134136517971
2.85451461979 12.2023295366 -1.19703683702 -8.62121467151 -0.138560038199
2.98028811633 12.2373714857 -1.19703683702 -8.52835106822 -0.145048499202
3.11160335098 12.271052973 -1.19703683702 -8.43630419111 -0.151746265399
3.24870449967 12.3040136132 -1.19703683702 -8.34459834495 -0.158862641984
3.39184649703 12.3367114189 -1.19703683702 -8.25298212347 -0.166397628955
3.54129551043 12.3689380889 -1.19703683702 -8.16122779755 -0.174351226314
3.69732943493 12.4004419569 -1.19703683702 -8.06832492933 -0.182932739254
3.86023840995 12.4313902139 -1.19703683702 -7.97542070592 -0.192351472968
4.03032535887 12.4610489704 -1.19703683702 -7.88209091624 -0.20218881707
4.20790655221 12.491028131 -1.19703683702 -7.78880962539 -0.212863381946
4.3933121958 12.5198743153 -1.19703683702 -7.69543921588 -0.22395655721
4.58688704473 12.5482995826 -1.19703683702 -7.60267383369 -0.235677648055
4.78899104443 12.5754100759 -1.19703683702 -7.5112569083 -0.247817349287
5.0 12.6007396917 -1.19703683702 -7.42160054891 -0.259957050518