Mass Entropy Slope Intercept Offset
0.303236406149 9.75599081495 -1.19978734175 -12.4881743491 -0.758755791533
0.316597382763 9.7989727806 -1.19978734175 -12.4207742485 -0.679261371083
0.345111379108 9.87846635053 -1.19978734175 -12.2783090639 -0.591036679876
0.360317419584 9.92097586543 -1.19978734175 -12.2102095064 -0.540352156557
0.376193457287 9.96081372207 -1.19978734175 -12.1454102186 -0.489667633238
0.392769013135 10.0033225053 -1.19978734175 -12.0796163101 -0.439593589907
0.410074908776 10.0499893583 -1.19978734175 -12.0090807966 -0.425264759784
0.428143323898 10.1015282206 -1.19978734175 -18.4053081889 -1.89735380185e-19
0.531152308779 10.3940970928 -1.19978734175 -11.6268988859 -0.185532015751
0.578989959421 10.5214735942 -1.19978734175 -11.5039249272 -0.142298389737
0.604500983662 10.5774865385 -1.19978734175 -11.4452461794 -0.128725965082
0.631136055646 10.6320935634 -1.19978734175 -11.3812242279 -0.118970784862
0.65894470233 10.6850992978 -1.19978734175 -11.3193417088 -0.110488019453
0.687978632886 10.7363177518 -1.19978734175 -11.2572930477 -0.103701807126
0.71829183486 10.7864626161 -1.19978734175 -11.1919656049 -0.0988242170156
0.749940674555 10.835482151 -1.19978734175 -11.1222510991 -0.0952190417167
0.782984001847 10.9004900603 -1.19978734175 -16.1218748811 -1.89735380185e-19
0.817483259608 10.9298098895 -1.19978734175 -10.9588338715 -0.0933104194997
0.853502597963 10.9759649398 -1.19978734175 -10.8699245437 -0.0939466269053
0.891108993569 11.021799576 -1.19978734175 -10.7793660829 -0.0952190417167
0.930372374162 11.0663856423 -1.19978734175 -10.6881888916 -0.0969155947985
0.971365748579 11.1109281312 -1.19978734175 -10.5962631141 -0.0990362861508
1.01416534252 11.1544752629 -1.19978734175 -10.5040055168 -0.101793184909
1.05885074028 11.1972847277 -1.19978734175 -10.4105621781 -0.104762152802
1.10550503275 11.2396301058 -1.19978734175 -10.3167762987 -0.10794318983
1.15421497189 11.2809943754 -1.19978734175 -10.2222859133 -0.112573835411
1.20507113209 11.3225011672 -1.19978734175 -10.1285315981 -0.115153540428
1.25816807852 11.3632996271 -1.19978734175 -10.0357059208 -0.118758715727
1.31360454306 11.40375387 -1.19978734175 -9.94378319791 -0.122575960161
1.37148360779 11.4436436161 -1.19978734175 -9.85328049382 -0.12660527373
1.43191289675 11.4834121452 -1.19978734175 -9.76548741612 -0.130422518164
1.49500477602 11.5222975486 -1.19978734175 -9.67955488538 -0.134027693463
1.56087656268 11.5613778911 -1.19978734175 -9.5968904277 -0.137420799627
1.62965074292 11.5979042531 -1.19978734175 -9.51720618639 -0.142603192639
1.70145519985 11.6345216877 -1.19978734175 -9.44107455344 -0.146338512026
1.77642345127 11.6732242491 -1.19978734175 -9.36860393044 -0.146341494497
1.85469489794 11.7092838041 -1.19978734175 -9.30122626217 -0.147410953141
1.93641508277 11.7462910051 -1.19978734175 -9.23786752917 -0.143606733655
2.0217359615 11.7797895764 -1.19978734175 -9.17935160111 -0.147211258142
2.11081618523 11.8135836313 -1.19978734175 -9.12349746799 -0.147250832159
2.20382139542 11.8499831857 -1.19978734175 -9.06983861499 -0.143872980376
2.30092453188 11.8851453105 -1.19978734175 -9.00043613314 -0.143343476025
2.4023061544 11.9188223328 -1.19978734175 -8.92973250988 -0.144406456737
2.50815477844 11.9497670684 -1.19978734175 -8.85732110602 -0.150736667043
2.6186672257 11.9827635564 -1.19978734175 -8.77975755851 -0.152583486174
2.73404899007 12.0149308561 -1.19978734175 -8.69401659412 -0.158025421209
2.85451461979 12.0462996299 -1.19978734175 -8.60227388675 -0.165141797793
2.98028811633 12.0774929031 -1.19978734175 -8.50924859618 -0.172886089958
3.11160335098 12.1086502795 -1.19978734175 -8.41729047488 -0.180839687317
3.24870449967 12.1381490883 -1.19978734175 -8.32580553853 -0.189421200257
3.39184649703 12.1687461573 -1.19978734175 -8.23421713535 -0.19821201839
3.54129551043 12.1975419041 -1.19978734175 -8.14210023557 -0.207840057299
3.69732943493 12.2272989949 -1.19978734175 -8.04983383322 -0.218096011788
3.86023840995 12.2564334112 -1.19978734175 -7.95644482014 -0.229189187051
4.03032535887 12.2846519997 -1.19978734175 -7.86306217512 -0.240910277896
4.20790655221 12.3122519766 -1.19978734175 -7.76994740241 -0.253468589515
4.3933121958 12.3398805491 -1.19978734175 -7.67631540133 -0.266864121909
4.58688704473 12.3675269088 -1.19978734175 -7.58358807732 -0.280887569884
4.78899104443 12.3944844763 -1.19978734175 -7.49225973378 -0.295120323052
5.0 12.4202700369 -1.19978734175 -7.40280602205 -0.309562381415