Mass Entropy Slope Intercept Offset
0.303236406149 9.80876443631 -1.19697360987 -12.50411382 -0.641922633998
0.316597382763 9.8489578745 -1.19697360987 -12.4355463658 -0.606093588477
0.330547060776 9.89067728881 -1.19697360987 -12.3717793269 -0.512695000666
0.376193457287 10.00450069 -1.19697360987 -12.158332427 -0.429439998834
0.392769013135 10.0489827208 -1.19697360987 -12.0941977472 -0.39573730276
0.410074908776 10.091565532 -1.19697360987 -12.0314157297 -0.35228421672
0.508736729994 10.369448341 -1.19697360987 -11.7118574673 -0.195679894413
0.531152308779 10.4309974052 -1.19697360987 -11.6496498368 -0.16749343867
0.554555546096 10.5000298872 -1.19697360987 -11.5868526821 -0.142037051474
0.578989959421 10.5593027952 -1.19697360987 -11.5231606216 -0.126817342865
0.604500983662 10.617033535 -1.19697360987 -11.4618021911 -0.115365609563
0.631136055646 10.6725169073 -1.19697360987 -11.4002923549 -0.106034567613
0.65894470233 10.7266389685 -1.19697360987 -11.3388143196 -0.0988242170156
0.687978632886 10.7794961472 -1.19697360987 -11.2766095727 -0.0921422673232
0.71829183486 10.8310867402 -1.19697360987 -11.2114687581 -0.0882207602542
0.749940674555 10.881596952 -1.19697360987 -11.1417732949 -0.0852517923611
0.782984001847 10.9307836275 -1.19697360987 -11.065329812 -0.083343170144
0.817483259608 10.9794223065 -1.19697360987 -10.9782015466 -0.083343170144
0.853502597963 11.0268174545 -1.19697360987 -10.8888785855 -0.0839793775497
0.891108993569 11.0741100351 -1.19697360987 -10.7984478083 -0.0850397232258
0.930372374162 11.1211616564 -1.19697360987 -10.7074681153 -0.0867362763076
0.971365748579 11.1668363972 -1.19697360987 -10.6161489221 -0.0886448985247
1.01416534252 11.2145260989 -1.19697360987 -10.5234156409 -0.0869347356612
1.05885074028 11.2574598715 -1.19697360987 -10.4298087855 -0.0935224886349
1.10550503275 11.3011586158 -1.19697360987 -10.3361008905 -0.0962793873928
1.15421497189 11.3450919312 -1.19697360987 -10.2417187687 -0.0994604244212
1.20507113209 11.38790786 -1.19697360987 -10.1481062312 -0.10264146145
1.25816807852 11.4305036471 -1.19697360987 -10.0545905795 -0.105822498478
1.31360454306 11.4722465531 -1.19697360987 -9.9627049355 -0.110155593806
1.37148360779 11.5144364417 -1.19697360987 -9.87233041451 -0.112820779941
1.43191289675 11.556229268 -1.19697360987 -9.78481651121 -0.116001816969
1.49500477602 11.5976018922 -1.19697360987 -9.6991291529 -0.119182853997
1.56087656268 11.6375377252 -1.19697360987 -9.61629625814 -0.122363891026
1.62965074292 11.6779267097 -1.19697360987 -9.537058869 -0.124908720648
1.70145519985 11.7175623888 -1.19697360987 -9.46034254804 -0.125607687411
1.77642345127 11.7565958737 -1.19697360987 -9.38839767304 -0.12693652652
1.85469489794 11.7949271272 -1.19697360987 -9.32030197993 -0.127261041453
1.93641508277 11.8283259145 -1.19697360987 -9.25723748864 -0.131907785545
2.0217359615 11.8697142135 -1.19697360987 -9.19837392934 -0.12639534135
2.11081618523 11.904760531 -1.19697360987 -9.14327204832 -0.127460831336
2.20382139542 11.9402355341 -1.19697360987 -9.08935783347 -0.126403370767
2.30092453188 11.9774818424 -1.19697360987 -9.01963561663 -0.125804737962
2.4023061544 12.0097778866 -1.19697360987 -8.94922673838 -0.13114121296
2.50815477844 12.046044807 -1.19697360987 -8.87662811053 -0.132357801465
2.6186672257 12.0791137063 -1.19697360987 -8.79897875149 -0.136283541757
2.73404899007 12.1127912885 -1.19697360987 -8.71327277191 -0.141164052313
2.85451461979 12.1468501262 -1.19697360987 -8.62140541025 -0.145885719977
2.98028811633 12.1804662806 -1.19697360987 -8.5287968081 -0.152583486174
3.11160335098 12.2130561116 -1.19697360987 -8.43674558918 -0.159699862758
3.24870449967 12.2445013673 -1.19697360987 -8.34522717669 -0.16723484973
3.39184649703 12.2767188204 -1.19697360987 -8.25375147932 -0.174979141895
3.54129551043 12.3077208225 -1.19697360987 -8.16159421933 -0.183560654835
3.69732943493 12.3384858357 -1.19697360987 -8.0689774801 -0.192560778162
3.86023840995 12.3691386707 -1.19697360987 -7.97603465179 -0.202398122264
4.03032535887 12.3990085305 -1.19697360987 -7.88243980751 -0.212863381946
4.20790655221 12.4281709796 -1.19697360987 -7.78923389722 -0.224165862404
4.3933121958 12.4565905029 -1.19697360987 -7.69584080312 -0.235886953248
4.58688704473 12.4847393273 -1.19697360987 -7.60280506551 -0.248445264867
4.78899104443 12.5119877488 -1.19697360987 -7.51161817156 -0.261003576487
5.0 12.5372639155 -1.19697360987 -7.42231332566 -0.2737711933