Mass Entropy Slope Intercept Offset
0.316597382763 9.92444179275 -1.20422999797 -12.3874559313 -0.53840689211
0.345111379108 10.0074798942 -1.20422999797 -12.2503801027 -0.446829667922
0.360317419584 10.0445350863 -1.20422999797 -12.1873769558 -0.395925351274
0.376193457287 10.0873395301 -1.20422999797 -12.1185433631 -0.372605470593
0.428143323898 10.2096084428 -1.20422999797 -11.9178229923 -0.271471288962
0.508736729994 10.4233302555 -1.20422999797 -11.660233037 -0.157862261291
0.554555546096 10.5511679353 -1.20422999797 -11.5376510096 -0.137260928442
0.578989959421 10.6117887241 -1.20422999797 -11.4762182709 -0.125116122295
0.604500983662 10.6728098201 -1.20422999797 -11.4118092676 -0.11214831365
0.631136055646 10.7316479497 -1.20422999797 -11.3496727797 -0.102875430013
0.65894470233 10.7899996762 -1.20422999797 -11.2879811761 -0.0930224286334
0.687978632886 10.8452722768 -1.20422999797 -11.2265156074 -0.0883719524177
0.71829183486 10.8973562575 -1.20422999797 -11.1613895161 -0.086295824198
0.749940674555 10.9494265308 -1.20422999797 -11.0916779538 -0.0836954574922
0.782984001847 11.0070211482 -1.20422999797 -11.0151119731 -0.0778789854414
0.817483259608 11.0570164434 -1.20422999797 -10.9277945078 -0.0799173691245
0.853502597963 11.1078127859 -1.20422999797 -10.8390303175 -0.0805862713861
0.891108993569 11.1584429599 -1.20422999797 -10.7486119193 -0.081434547927
0.930372374162 11.2088542782 -1.20422999797 -10.6575135494 -0.0829190318736
0.971365748579 11.2584123728 -1.20422999797 -10.5655359338 -0.0846155849554
1.01416534252 11.3066163405 -1.20422999797 -10.4731682972 -0.0867362763076
1.05885074028 11.3552939322 -1.20422999797 -10.3799486912 -0.0890690367951
1.10550503275 11.4037451166 -1.20422999797 -10.2860492824 -0.0902370377185
1.15421497189 11.449733261 -1.20422999797 -10.1918687084 -0.0941586960406
1.20507113209 11.4962080694 -1.20422999797 -10.0980408743 -0.0966576775551
1.25816807852 11.5416125081 -1.20422999797 -10.0050580492 -0.100096631827
1.31360454306 11.5875300188 -1.20422999797 -9.91312522876 -0.10306559972
1.37148360779 11.6324766105 -1.20422999797 -9.82244772576 -0.106246636748
1.43191289675 11.6776478094 -1.20422999797 -9.73473096569 -0.109215604642
1.49500477602 11.7222554542 -1.20422999797 -9.64854232423 -0.112184572535
1.56087656268 11.7658584242 -1.20422999797 -9.56650873766 -0.114729402158
1.62965074292 11.8092361087 -1.20422999797 -9.48676472065 -0.117062162645
1.70145519985 11.8525610044 -1.20422999797 -9.41038041869 -0.118758715727
1.77642345127 11.8939651605 -1.20422999797 -9.33769228235 -0.120243199673
1.85469489794 11.9353356634 -1.20422999797 -9.27055412808 -0.120667337944
1.93641508277 11.9746397143 -1.20422999797 -9.20728589999 -0.12188004623
2.0217359615 12.0172025014 -1.20422999797 -9.14811863928 -0.118550145037
2.11081618523 12.0524372319 -1.20422999797 -9.09307171085 -0.12103887243
2.20382139542 12.0937583889 -1.20422999797 -9.03908246705 -0.118625279556
2.30092453188 12.1324712825 -1.20422999797 -8.96949364655 -0.119648028068
2.4023061544 12.1734315796 -1.20422999797 -8.8989032531 -0.117906708438
2.50815477844 12.2091378687 -1.20422999797 -8.8263486609 -0.122928022853
2.6186672257 12.2438564696 -1.20422999797 -8.74908823589 -0.126853768232
2.73404899007 12.2838060674 -1.20422999797 -8.66325406097 -0.130082639828
2.85451461979 12.3215874746 -1.20422999797 -8.57136327613 -0.134651487976
2.98028811633 12.3570906445 -1.20422999797 -8.47856571599 -0.141724509085
3.11160335098 12.3929044084 -1.20422999797 -8.38642933394 -0.148464894905
3.24870449967 12.4288093599 -1.20422999797 -8.29493124915 -0.153839317336
3.39184649703 12.4633400966 -1.20422999797 -8.20341341213 -0.16095569392
3.54129551043 12.4962660344 -1.20422999797 -8.11128727424 -0.168699986085
3.69732943493 12.5293013914 -1.20422999797 -8.01882984302 -0.176862888638
3.86023840995 12.5605491987 -1.20422999797 -7.92594436007 -0.185653706771
4.03032535887 12.5909080111 -1.20422999797 -7.83260427906 -0.195072440486
4.20790655221 12.620219006 -1.20422999797 -7.73854393796 -0.205328394975
4.3933121958 12.6479349122 -1.20422999797 -7.64581308764 -0.215793654657
4.58688704473 12.6759944645 -1.20422999797 -7.55244855866 -0.227096135115
4.78899104443 12.7025834869 -1.20422999797 -7.46140985109 -0.238398615572
5.0 12.7280986967 -1.20422999797 -7.37193435341 -0.249701096029