Mass Entropy Slope Intercept Offset
0.303236406149 9.37524295291 -1.18976875945 -12.5569030081 -1.74193587675
0.316597382763 9.42026387815 -1.18976875945 -12.4884215612 -1.62444957584
0.330547060776 9.46278483368 -1.18976875945 -12.4114836943 -1.52074776871
0.345111379108 9.5064166186 -1.18976875945 -12.3473511628 -1.39329421844
0.360317419584 9.54811805253 -1.18976875945 -12.2831652106 -1.27130945038
0.376193457287 9.58926499937 -1.18976875945 -12.2187443875 -1.11928313685
0.392769013135 9.6290993103 -1.18976875945 -12.1466707451 -1.0450766984
0.410074908776 9.67829617386 -1.18976875945 -12.0818851651 -0.93119557278
0.428143323898 9.73555393862 -1.18976875945 -12.0134515354 -0.823888590355
0.447007856067 9.79403379378 -1.18976875945 -11.9491519872 -0.707503330853
0.466703583197 9.85357323238 -1.18976875945 -11.8892080942 -0.569050534783
0.487267128783 9.91258424312 -1.18976875945 -11.8187450966 -0.565348927267
0.554555546096 10.0798175083 -1.18976875945 -11.6368744266 -0.384021172232
0.578989959421 10.1322803522 -1.18976875945 -11.5758877042 -0.327923636142
0.604500983662 10.1826300544 -1.18976875945 -11.5138706004 -0.285472011272
0.631136055646 10.2310719098 -1.18976875945 -11.4503930157 -0.246265781859
0.65894470233 10.292815466 -1.18976875945 -11.3886108039 -0.221612246312
0.687978632886 10.3385816771 -1.18976875945 -11.326387336 -0.203374300682
0.71829183486 10.382691028 -1.18976875945 -11.2613563414 -0.189589806893
0.749940674555 10.4249749793 -1.18976875945 -11.1916439502 -0.179834626672
0.782984001847 10.4655116585 -1.18976875945 -11.1151841821 -0.173684621751
0.817483259608 10.504571463 -1.18976875945 -11.0279831402 -0.171351861263
0.853502597963 10.5431535236 -1.18976875945 -10.9389138241 -0.170715653857
0.891108993569 10.5799796156 -1.18976875945 -10.8486490335 -0.171351861263
0.930372374162 10.6154782389 -1.18976875945 -10.7576911243 -0.173048414345
0.971365748579 10.649272087 -1.18976875945 -10.6657394098 -0.175805313103
1.01416534252 10.6830908377 -1.18976875945 -10.5732696567 -0.179834626672
1.05885074028 10.7151006776 -1.18976875945 -10.4802394635 -0.187244193223
1.10550503275 10.7473179718 -1.18976875945 -10.3863350011 -0.188480692245
1.15421497189 10.7789731872 -1.18976875945 -10.2915749652 -0.194430652948
1.20507113209 10.8096698882 -1.18976875945 -10.1979860189 -0.201722754343
1.25816807852 10.8380101149 -1.18976875945 -10.1040307304 -0.21822751968
1.31360454306 10.867892872 -1.18976875945 -10.0129865261 -0.224677409836
1.43191289675 10.9255480798 -1.18976875945 -9.83370100613 -0.231795326879
1.49500477602 10.9524930261 -1.18976875945 -9.74805295504 -0.23912321808
1.56087656268 10.9778718612 -1.18976875945 -9.66553219459 -0.255943481644
1.62965074292 11.0054369151 -1.18976875945 -9.58595313644 -0.253312706739
1.70145519985 11.0299822635 -1.18976875945 -9.51005000864 -0.263644459261
1.77642345127 11.057519228 -1.18976875945 -9.43802265455 -0.256878399235
1.85469489794 11.0819473814 -1.18976875945 -9.37056168834 -0.270084318405
1.93641508277 11.1063165314 -1.18976875945 -9.30750445315 -0.273424793953
2.0217359615 11.1309658813 -1.18976875945 -9.24845871153 -0.272044270853
2.11081618523 11.1540331593 -1.18976875945 -9.19296427119 -0.271226092312
2.20382139542 11.1771800675 -1.18976875945 -9.13916788632 -0.271465482303
2.30092453188 11.201000152 -1.18976875945 -9.06992612284 -0.274817719268
2.4023061544 11.2229455413 -1.18976875945 -8.99906996888 -0.280887569884
2.50815477844 11.2450339699 -1.18976875945 -8.92653248691 -0.288003946468
2.6186672257 11.2665494799 -1.18976875945 -8.84902517108 -0.297213374989
2.73404899007 11.2881033737 -1.18976875945 -8.76334888555 -0.309980991802
2.85451461979 11.3089667551 -1.18976875945 -8.67171976467 -0.325469576132
2.98028811633 11.3294445514 -1.18976875945 -8.57855995614 -0.342423296818
3.11160335098 11.3498571262 -1.18976875945 -8.48674037681 -0.359167712311
3.24870449967 11.3696764017 -1.18976875945 -8.39511586189 -0.376749348578
3.39184649703 11.3892000511 -1.18976875945 -8.30355101366 -0.395168205619
3.54129551043 11.4087703348 -1.18976875945 -8.21153705921 -0.414214978242
3.69732943493 11.4277357324 -1.18976875945 -8.11890139276 -0.435145497607
3.86023840995 11.446624899 -1.18976875945 -8.02619134897 -0.457122542941
4.03032535887 11.4653444119 -1.18976875945 -7.93266400343 -0.480774029824
4.20790655221 11.4837032396 -1.18976875945 -7.83937461373 -0.505890653062
4.3933121958 11.5020285536 -1.18976875945 -7.74591509616 -0.532263107463
4.58688704473 11.5199229108 -1.18976875945 -7.65308155617 -0.559891393025
4.78899104443 11.5386291564 -1.18976875945 -7.56176035478 -0.587938288975
5.0 11.559415189 -1.18976875945 -7.47239042771 -0.616194490118