Mass Entropy Slope Intercept Offset
0.303236406149 8.84838880715 -1.1682156889 -12.7093345006 -4.33638967711
0.316597382763 8.88079801566 -1.1682156889 -12.6334185259 -4.32896725738
0.330547060776 8.91822777339 -1.1682156889 -12.5689197858 -4.26343789459
0.345111379108 8.95905195293 -1.1682156889 -12.5014679383 -4.21042061079
0.360317419584 8.99805655353 -1.1682156889 -12.4354837187 -4.15337401341
0.376193457287 9.03240932385 -1.1682156889 -12.3673025186 -4.07639291732
0.392769013135 9.07061602272 -1.1682156889 -12.3036041079 -3.89019621659
0.410074908776 9.11036119232 -1.1682156889 -12.229160154 -3.6777029431
0.428143323898 9.15377564752 -1.1682156889 -12.1657500783 -3.37486821799
0.447007856067 9.19877424513 -1.1682156889 -12.1030489924 -3.04573692012
0.466703583197 9.2467767398 -1.1682156889 -12.0346702217 -2.74120564194
0.487267128783 9.29527353051 -1.1682156889 -11.9719361438 -2.43900712424
0.508736729994 9.34448102637 -1.1682156889 -11.9123674391 -2.15589482871
0.531152308779 9.39403441222 -1.1682156889 -11.8500435877 -1.91095497753
0.554555546096 9.4433440543 -1.1682156889 -11.7843370177 -1.69782549662
0.578989959421 9.49237473089 -1.1682156889 -11.7237649912 -1.50159311523
0.604500983662 9.5409662475 -1.1682156889 -11.6600043126 -1.3088458455
0.631136055646 9.58758415588 -1.1682156889 -11.6010610947 -1.19988899675
0.65894470233 9.63162873792 -1.1682156889 -11.5382508301 -1.04515290808
0.687978632886 9.67340648889 -1.1682156889 -11.4759344765 -0.974540901991
0.853502597963 9.85361771226 -1.1682156889 -11.087920542 -0.682402824408
0.891108993569 9.88327145743 -1.1682156889 -10.9975436256 -0.672110668174
0.930372374162 9.91295342051 -1.1682156889 -10.9069275552 -0.642241859872
0.971365748579 9.9416387655 -1.1682156889 -10.8151104582 -0.633781185695
1.05885074028 10.0090778248 -1.1682156889 -10.6294859724 -0.540820485818
1.10550503275 10.0350006041 -1.1682156889 -10.5353983769 -0.568321782632
1.15421497189 10.0615091893 -1.1682156889 -10.440975813 -0.536219466609
1.20507113209 10.0854333387 -1.1682156889 -10.3470410161 -0.579119554451
1.25816807852 10.1070856106 -1.1682156889 -10.2532568414 -0.561678529684
1.31360454306 10.1307368857 -1.1682156889 -10.161935268 -0.598644583741
1.37148360779 10.1493857781 -1.1682156889 -10.0717674266 -0.594881182374
1.43191289675 10.1688460226 -1.1682156889 -9.98285620056 -0.595290606453
1.49500477602 10.1868944893 -1.1682156889 -9.89787866528 -0.611524154621
1.56087656268 10.2049191607 -1.1682156889 -9.81550750994 -0.60168800967
1.62965074292 10.2229026738 -1.1682156889 -9.73590449583 -0.621463298819
1.70145519985 10.2407512424 -1.1682156889 -9.65955760905 -0.632835643798
1.77642345127 10.2587573754 -1.1682156889 -9.58772383565 -0.63565690957
1.85469489794 10.2754994882 -1.1682156889 -9.51994998478 -0.657035376458
1.93641508277 10.2922218497 -1.1682156889 -9.45636001535 -0.645535698503
2.0217359615 10.3074267393 -1.1682156889 -9.39754475231 -0.63742497488
2.11081618523 10.3214384193 -1.1682156889 -9.34220570163 -0.667808681338
2.20382139542 10.3357898882 -1.1682156889 -9.2883910584 -0.637528787889
2.30092453188 10.3491031199 -1.1682156889 -9.21882231946 -0.679350558259
2.4023061544 10.3624102768 -1.1682156889 -9.14834938989 -0.677006005052
2.50815477844 10.3751901085 -1.1682156889 -9.07607709719 -0.694911750014
2.6186672257 10.38788211 -1.1682156889 -8.99856261213 -0.723581382585
2.73404899007 10.4002685176 -1.1682156889 -8.91322279776 -0.758941207734
2.85451461979 10.4132941545 -1.1682156889 -8.82137453086 -0.797320075936
2.98028811633 10.4247387036 -1.1682156889 -8.72849453981 -0.842916445094
3.11160335098 10.4365444643 -1.1682156889 -8.63637826179 -0.885770424239
3.24870449967 10.4478977636 -1.1682156889 -8.54514209955 -0.933297768259
3.39184649703 10.4592483196 -1.1682156889 -8.45342495734 -0.998331258916
3.54129551043 10.4708519653 -1.1682156889 -8.36146026915 -1.05277056095
3.69732943493 10.4820313997 -1.1682156889 -8.26891942174 -1.11178622564
3.86023840995 10.493178144 -1.1682156889 -8.17580124662 -1.17056069573
4.03032535887 10.5043053076 -1.1682156889 -8.08264785011 -1.23512870454
4.20790655221 10.5155799213 -1.1682156889 -7.98947538954 -1.30941417911
4.3933121958 10.5267737709 -1.1682156889 -7.8959294285 -1.37727851511
4.58688704473 10.5383958641 -1.1682156889 -7.80377683086 -1.45653525468
4.78899104443 10.5518205501 -1.1682156889 -7.71193254864 -1.54007815071
5.0 10.5661870023 -1.1682156889 -7.62243558166 -1.61767211546