Mass Entropy Slope Intercept Offset
0.303236406149 9.78129704009 -1.1962569828 -12.5116973559 -0.679389007211
0.316597382763 9.82445966449 -1.1962569828 -12.4383793452 -0.647235000711
0.345111379108 9.89806862554 -1.1962569828 -12.3055059225 -0.543109055315
0.360317419584 9.93699079957 -1.1962569828 -12.2327682229 -0.499634882594
0.376193457287 9.97902409595 -1.1962569828 -12.1658357051 -0.454676225926
0.410074908776 10.0669679394 -1.1962569828 -12.0313717336 -0.328244386916
0.428143323898 10.1162464162 -1.1962569828 -11.9697158383 -0.343106069511
0.508736729994 10.3506038489 -1.1962569828 -11.7145513604 -0.180634281378
0.531152308779 10.4098485866 -1.1962569828 -11.653168819 -0.167386165061
0.554555546096 10.4809774082 -1.1962569828 -11.5911380075 -0.116014460414
0.578989959421 10.5376081406 -1.1962569828 -11.5300850214 -0.131694932976
0.604500983662 10.5945390712 -1.1962569828 -11.4688823848 -0.119606992268
0.631136055646 10.6489853914 -1.1962569828 -11.4052037256 -0.110275950318
0.65894470233 10.7024867217 -1.1962569828 -11.3433760028 -0.10264146145
0.687978632886 10.754372133 -1.1962569828 -11.2814288008 -0.0962793873928
0.71829183486 10.8058133331 -1.1962569828 -11.216380357 -0.0898231063528
0.749940674555 10.8546376472 -1.1962569828 -11.1468230533 -0.0884328293895
0.782984001847 10.9031610481 -1.1962569828 -11.0702888081 -0.0867362763076
0.817483259608 10.9508121867 -1.1962569828 -10.9828173573 -0.0867362763076
0.853502597963 10.9970734954 -1.1962569828 -10.8935930618 -0.0871604145781
0.891108993569 11.0437037818 -1.1962569828 -10.803109941 -0.0884328293895
0.930372374162 11.0887411033 -1.1962569828 -10.7124131622 -0.0901293824713
0.971365748579 11.1338909049 -1.1962569828 -10.6213301575 -0.0920380046883
1.01416534252 11.1805591358 -1.1962569828 -10.5282961234 -0.0903637159541
1.05885074028 11.2222959128 -1.1962569828 -10.4348265528 -0.097339733069
1.10550503275 11.2663554922 -1.1962569828 -10.341244419 -0.0995721172754
1.15421497189 11.3081074927 -1.1962569828 -10.2470071902 -0.103489737991
1.20507113209 11.3499999564 -1.1962569828 -10.1529904454 -0.106882844154
1.25816807852 11.3913529891 -1.1962569828 -10.0598203787 -0.110275950318
1.31360454306 11.432420975 -1.1962569828 -9.96789209683 -0.113881125617
1.37148360779 11.4731227772 -1.1962569828 -9.877604478 -0.117486300915
1.43191289675 11.5129429663 -1.1962569828 -9.78967463538 -0.121091476214
1.49500477602 11.5535047769 -1.1962569828 -9.70401840849 -0.124484582378
1.56087656268 11.5933816705 -1.1962569828 -9.62115433734 -0.127665619406
1.62965074292 11.6303200965 -1.1962569828 -9.54141274882 -0.132492796996
1.70145519985 11.6711640192 -1.1962569828 -9.4652436058 -0.12997290625
1.77642345127 11.7090368509 -1.1962569828 -9.39343243148 -0.130131965473
1.85469489794 11.7427900901 -1.1962569828 -9.32556588163 -0.137803473379
1.93641508277 11.7821835475 -1.1962569828 -9.26219115347 -0.133741893403
2.0217359615 11.8175248448 -1.1962569828 -9.20341851393 -0.132408214236
2.11081618523 11.8532484262 -1.1962569828 -9.14811642073 -0.133109483384
2.20382139542 11.8885252133 -1.1962569828 -9.09447620981 -0.128985969664
2.30092453188 11.9204932049 -1.1962569828 -9.02496224176 -0.135300633328
2.4023061544 11.9565226869 -1.1962569828 -8.9542450981 -0.136104957201
2.50815477844 11.9889004522 -1.1962569828 -8.88160250749 -0.139130889989
2.6186672257 12.0234456641 -1.1962569828 -8.80413245684 -0.141906073634
2.73404899007 12.0557482343 -1.1962569828 -8.71838306004 -0.146304330364
2.85451461979 12.0884444561 -1.1962569828 -8.62645772174 -0.153002096561
2.98028811633 12.1201243994 -1.1962569828 -8.53376107894 -0.160118473145
3.11160335098 12.1517608115 -1.1962569828 -8.44160329659 -0.167653460117
3.24870449967 12.1819660912 -1.1962569828 -8.35002289837 -0.175607057476
3.39184649703 12.2131551275 -1.1962569828 -8.25862698733 -0.183769960028
3.54129551043 12.2434770993 -1.1962569828 -8.16641353873 -0.192770083355
3.69732943493 12.2734189354 -1.1962569828 -8.07401713922 -0.20218881707
3.86023840995 12.3029028147 -1.1962569828 -7.98100461798 -0.212654076753
4.03032535887 12.3314114271 -1.1962569828 -7.88780352181 -0.223537946823
4.20790655221 12.3600799595 -1.1962569828 -7.794017954 -0.235468342861
4.3933121958 12.388530447 -1.1962569828 -7.70071153579 -0.247817349287
4.58688704473 12.416431604 -1.1962569828 -7.60805574217 -0.260794271293
4.78899104443 12.4432663193 -1.1962569828 -7.51680642815 -0.274189803687
5.0 12.4692491839 -1.1962569828 -7.42700956104 -0.287794641274