Mass Entropy Slope Intercept Offset
0.303236406149 9.85365308886 -1.2012226581 -12.472791898 -0.620250084565
0.316597382763 9.89952447942 -1.2012226581 -12.4078909917 -0.536830776647
0.330547060776 9.94120047572 -1.2012226581 -12.3443833001 -0.508117648003
0.345111379108 9.98047833871 -1.2012226581 -12.2703957042 -0.469521065392
0.360317419584 10.0172435107 -1.2012226581 -12.1988231033 -0.431560690186
0.428143323898 10.1834384589 -1.2012226581 -11.9344931041 -0.272161676215
0.487267128783 10.3440941049 -1.2012226581 -11.739317063 -0.209850785287
0.508736729994 10.4024409937 -1.2012226581 -11.681592677 -0.187876178332
0.554555546096 10.5337597025 -1.2012226581 -11.5563193384 -0.13829692227
0.578989959421 10.5936114459 -1.2012226581 -11.4935940449 -0.12628724144
0.604500983662 10.6530444758 -1.2012226581 -11.4337254557 -0.114153106152
0.631136055646 10.7083764372 -1.2012226581 -11.3712720282 -0.106469702682
0.65894470233 10.7685947791 -1.2012226581 -11.3096687405 -0.0907507108324
0.687978632886 10.8221915817 -1.2012226581 -11.2471653157 -0.088850287325
0.71829183486 10.8748461962 -1.2012226581 -11.1821113492 -0.0856759306315
0.749940674555 10.9269429096 -1.2012226581 -11.1125753708 -0.0827069627383
0.782984001847 10.9786948524 -1.2012226581 -11.0360281658 -0.0810104096565
0.853502597963 11.0788475704 -1.2012226581 -10.8594401926 -0.081434547927
0.891108993569 11.1275287667 -1.2012226581 -10.7691614564 -0.0824948936031
0.930372374162 11.1764912767 -1.2012226581 -10.6782853546 -0.0839793775497
0.971365748579 11.2247355631 -1.2012226581 -10.5861491964 -0.0856759306315
1.01416534252 11.2726698855 -1.2012226581 -10.4939764036 -0.0877966219838
1.05885074028 11.319437152 -1.2012226581 -10.4006944376 -0.0903414516065
1.10550503275 11.3653387198 -1.2012226581 -10.3067499256 -0.0928862812292
1.15421497189 11.4110990205 -1.2012226581 -10.212961571 -0.0956431799872
1.20507113209 11.4559864397 -1.2012226581 -10.1186414858 -0.0988242170156
1.25816807852 11.5009307087 -1.2012226581 -10.0254292993 -0.101793184909
1.31360454306 11.5447870325 -1.2012226581 -9.93372886794 -0.104974221937
1.37148360779 11.588696 -1.2012226581 -9.84333744954 -0.108155258966
1.43191289675 11.6329750768 -1.2012226581 -9.75559303093 -0.111124226859
1.49500477602 11.6756322206 -1.2012226581 -9.66998299815 -0.114305263887
1.56087656268 11.7183848298 -1.2012226581 -9.58712630764 -0.117062162645
1.62965074292 11.7606031604 -1.2012226581 -9.50748207271 -0.119394923133
1.70145519985 11.8015606851 -1.2012226581 -9.43111158754 -0.121515614485
1.77642345127 11.8422039626 -1.2012226581 -9.35891417539 -0.122788029296
1.85469489794 11.8956386147 -1.2012226581 -14.7214829469 1.35525271561e-19
1.93641508277 11.9223295444 -1.2012226581 -9.22793085224 -0.123011496013
2.0217359615 11.9618750622 -1.2012226581 -9.16938002632 -0.120722706396
2.11081618523 11.9961326058 -1.2012226581 -9.11395388555 -0.123709370992
2.20382139542 12.0380216047 -1.2012226581 -9.05989148854 -0.119310164192
2.30092453188 12.0760621348 -1.2012226581 -8.99085199915 -0.119792855627
2.4023061544 12.1118227317 -1.2012226581 -8.91977759034 -0.122971912641
2.50815477844 12.1484150859 -1.2012226581 -8.84738401539 -0.12256982388
2.6186672257 12.1831411168 -1.2012226581 -8.76959460252 -0.129451790516
2.73404899007 12.2196453462 -1.2012226581 -8.6840876767 -0.13321490642
2.85451461979 12.2531903897 -1.2012226581 -8.59223155747 -0.140127680156
2.98028811633 12.2899524167 -1.2012226581 -8.49958987396 -0.144629888815
3.11160335098 12.3252768102 -1.2012226581 -8.407438397 -0.151327655012
3.24870449967 12.3596724577 -1.2012226581 -8.31549450954 -0.158234726403
3.39184649703 12.3932375764 -1.2012226581 -8.22432241491 -0.16556040818
3.54129551043 12.4254490435 -1.2012226581 -8.1322941826 -0.173514005539
3.69732943493 12.4583528995 -1.2012226581 -8.03947485119 -0.182095518479
3.86023840995 12.4893843344 -1.2012226581 -7.9465960075 -0.191095641806
4.03032535887 12.5189852229 -1.2012226581 -7.85340987074 -0.200932985908
4.20790655221 12.5486044656 -1.2012226581 -7.75984280361 -0.211398245591
4.3933121958 12.5775806788 -1.2012226581 -7.66662886962 -0.222491420854
4.58688704473 12.6065557757 -1.2012226581 -7.57338249454 -0.234003206505
4.78899104443 12.6334385808 -1.2012226581 -7.48229282573 -0.245933602544
5.0 12.658947707 -1.2012226581 -7.39245474025 -0.257863998582