Mass Entropy Slope Intercept Offset
0.303236406149 9.63974671095 -1.19536374292 -12.5184517621 -0.948316758776
0.316597382763 9.68601619272 -1.19536374292 -12.4439485472 -0.883329534364
0.330547060776 9.72553954953 -1.19536374292 -12.3776651548 -0.809856716955
0.360317419584 9.80486960419 -1.19536374292 -12.2489089369 -0.683922961106
0.376193457287 9.84954245797 -1.19536374292 -12.1687026588 -0.629209124217
0.392769013135 9.8944761635 -1.19536374292 -12.1093328445 -0.560074586133
0.410074908776 9.94349044134 -1.19536374292 -12.0416282134 -0.533002924351
0.428143323898 9.99715625106 -1.19536374292 -11.9753144698 -0.416789411106
0.447007856067 10.0543427473 -1.19536374292 -11.9122235314 -0.381869913442
0.531152308779 10.2932401235 -1.19536374292 -11.6585565433 -0.228006416201
0.578989959421 10.4172633107 -1.19536374292 -11.53428361 -0.170503584722
0.604500983662 10.4706781288 -1.19536374292 -11.4755479393 -0.153750123039
0.631136055646 10.5228650685 -1.19536374292 -11.4115710925 -0.141450113196
0.65894470233 10.5730278621 -1.19536374292 -11.3498622824 -0.130846656435
0.687978632886 10.6220565429 -1.19536374292 -11.2878042315 -0.122363891026
0.71829183486 10.6693599255 -1.19536374292 -11.2225271523 -0.116001816969
0.749940674555 10.7153008379 -1.19536374292 -11.1529769974 -0.111760434264
0.782984001847 10.7601557686 -1.19536374292 -11.0765050591 -0.109215604642
0.817483259608 10.8038648701 -1.19536374292 -10.9889160461 -0.109003535506
0.853502597963 10.84726131 -1.19536374292 -10.9002943021 -0.107622891772
0.891108993569 10.8882253826 -1.19536374292 -10.8097718615 -0.110912157723
0.930372374162 10.9290846253 -1.19536374292 -10.7187140489 -0.112820779941
0.971365748579 10.9699557507 -1.19536374292 -10.6271638853 -0.115365609563
1.01416534252 11.0105016236 -1.19536374292 -10.5347327735 -0.116575992282
1.05885074028 11.0487191866 -1.19536374292 -10.4412977037 -0.121939752755
1.15421497189 11.124915405 -1.19536374292 -10.2532555437 -0.130422518164
1.20507113209 11.1623652684 -1.19536374292 -10.1593238594 -0.134875970004
1.25816807852 11.1988305666 -1.19536374292 -10.0659159142 -0.139541490979
1.31360454306 11.2352599564 -1.19536374292 -9.97379747116 -0.144419081089
1.37148360779 11.2716809508 -1.19536374292 -9.88395908454 -0.147712241338
1.43191289675 11.3071990656 -1.19536374292 -9.79566592247 -0.15276402885
1.49500477602 11.339527715 -1.19536374292 -9.71019525487 -0.162195322572
1.56087656268 11.3760306032 -1.19536374292 -9.6277621674 -0.163087953021
1.62965074292 11.4105149049 -1.19536374292 -9.54776700546 -0.164128063653
1.70145519985 11.4425964336 -1.19536374292 -9.47176110915 -0.169668418738
1.77642345127 11.4753559163 -1.19536374292 -9.39958695788 -0.17380747825
1.85469489794 11.5081911256 -1.19536374292 -9.33155729421 -0.174443185272
1.93641508277 11.5402269621 -1.19536374292 -9.26874293792 -0.172068556978
2.0217359615 11.570234535 -1.19536374292 -9.2097874553 -0.176384775249
2.11081618523 11.6018879859 -1.19536374292 -9.15428715869 -0.174708247187
2.20382139542 11.6323395814 -1.19536374292 -9.10015055357 -0.173458076645
2.30092453188 11.6643733298 -1.19536374292 -9.03116537417 -0.173436489486
2.4023061544 11.6936359257 -1.19536374292 -8.96017773861 -0.17644427825
2.50815477844 11.7232700353 -1.19536374292 -8.88785003385 -0.179583856155
2.6186672257 11.7519420257 -1.19536374292 -8.81014157665 -0.184397875609
2.73404899007 11.7802694396 -1.19536374292 -8.72452398169 -0.191095641806
2.85451461979 11.8080264517 -1.19536374292 -8.63277476749 -0.199677154746
2.98028811633 11.8349208457 -1.19536374292 -8.54013949665 -0.209095888461
3.11160335098 11.8617583718 -1.19536374292 -8.44785857529 -0.219142537756
3.24870449967 11.8889734513 -1.19536374292 -8.35622898279 -0.229189187051
3.39184649703 11.9150481685 -1.19536374292 -8.26480496899 -0.240073057121
3.54129551043 11.940771247 -1.19536374292 -8.17291465475 -0.251794147966
3.69732943493 11.9659161236 -1.19536374292 -8.07999786744 -0.264352459585
3.86023840995 11.9911132426 -1.19536374292 -7.98721549795 -0.277747991979
4.03032535887 12.015908513 -1.19536374292 -7.89368235926 -0.292190050341
4.20790655221 12.039758173 -1.19536374292 -7.80015465282 -0.307469329478
4.3933121958 12.0642578718 -1.19536374292 -7.70689576234 -0.323585829389
4.58688704473 12.0880637429 -1.19536374292 -7.61431729639 -0.340539550075
4.78899104443 12.1116703442 -1.19536374292 -7.52295928704 -0.357911881149
5.0 12.1354795883 -1.19536374292 -7.43284562483 -0.375702822609