Mass Entropy Slope Intercept Offset
0.303236406149 7.2764652408 -0.661447214343 -16.3827648789 -25.5254893924
0.316597382763 7.27413096489 -0.661447214343 -16.314180475 -27.6423635003
0.330547060776 7.27212867187 -0.661447214343 -16.2465857882 -29.8909325411
0.345111379108 7.2700181505 -0.661447214343 -16.1912696817 -31.664466719
0.360317419584 7.26690332175 -0.661447214343 -16.1247837548 -34.170699759
0.376193457287 7.2637980378 -0.661447214343 -16.0708861081 -36.0778374921
0.392769013135 7.26016455637 -0.661447214343 -16.0069857576 -38.6572343838
0.410074908776 7.25497789895 -0.661447214343 -15.9434856262 -41.4794504354
0.428143323898 7.24917861177 -0.661447214343 -15.882183682 -44.295516482
0.447007856067 7.24279153601 -0.661447214343 -15.8327630652 -46.3551319233
0.466703583197 7.23604840689 -0.661447214343 -15.7725367178 -49.3372481028
0.487267128783 7.2289339299 -0.661447214343 -15.7141882543 -52.3460849933
0.508736729994 7.2227092101 -0.661447214343 -15.6656099123 -54.5921092045
0.531152308779 7.21644256872 -0.661447214343 -15.6085720363 -57.6806840899
0.554555546096 7.21137204251 -0.661447214343 -15.5523275314 -60.7612003481
0.578989959421 7.20840195586 -0.661447214343 -15.4965166105 -63.6610337032
0.604500983662 7.20626333495 -0.661447214343 -15.4497949061 -65.7876629913
0.631136055646 7.20557876622 -0.661447214343 -15.395276607 -68.7349998327
0.65894470233 7.20610860291 -0.661447214343 -15.3413827836 -71.5328279338
0.687978632886 7.20734568893 -0.661447214343 -15.287530587 -74.2498576944
0.71829183486 7.20911896449 -0.661447214343 -15.2406502383 -76.115429877
0.749940674555 7.21129343985 -0.661447214343 -15.1862399262 -78.8131613462
0.782984001847 7.21325321273 -0.661447214343 -15.1317233227 -81.5111048846
0.817483259608 7.21491821081 -0.661447214343 -15.0795636551 -83.8911567893
0.853502597963 7.21607319732 -0.661447214343 -15.0303001821 -85.9056015049
0.891108993569 7.21683116235 -0.661447214343 -14.9785177985 -88.3469413897
0.930372374162 7.21763478726 -0.661447214343 -14.9277439879 -90.7683467757
0.971365748579 7.21858727387 -0.661447214343 -14.8750118448 -93.7180163776
1.01416534252 7.21937704974 -0.661447214343 -14.8195435978 -97.3700589554
1.05885074028 7.22073590529 -0.661447214343 -14.7554262361 -102.508706171
1.10550503275 7.2205174758 -0.661447214343 -14.6879225735 -109.317185758
1.15421497189 7.2199133956 -0.661447214343 -14.6201452067 -116.940647031
1.20507113209 7.21861002685 -0.661447214343 -14.552752024 -125.311439937
1.25816807852 7.21677391215 -0.661447214343 -14.4866207407 -134.367428218
1.31360454306 7.2141400235 -0.661447214343 -14.4208318385 -144.23246025
1.37148360779 7.21092318523 -0.661447214343 -14.3568979128 -154.725641061
1.43191289675 7.20727587397 -0.661447214343 -14.2935536294 -166.047163913
1.49500477602 7.20339257601 -0.661447214343 -14.2311769947 -178.113897707
1.56087656268 7.19945445094 -0.661447214343 -14.1699435174 -190.794783716
1.62965074292 7.19571608556 -0.661447214343 -14.1088656521 -204.360422158
1.70145519985 7.19297219052 -0.661447214343 -14.0472178475 -212.067226601
1.77642345127 7.18959883877 -0.661447214343 -13.9874088093 -212.067226601
1.85469489794 7.18667204505 -0.661447214343 -13.9272526845 -212.067226601
1.93641508277 7.18451126363 -0.661447214343 -13.8672777004 -212.067226601
2.0217359615 7.18326711899 -0.661447214343 -13.8065823526 -212.067226601
2.11081618523 7.18286879872 -0.661447214343 -13.7455524885 -212.067226601
2.20382139542 7.18340422164 -0.661447214343 -13.6836912915 -212.067226601
2.30092453188 7.1849686435 -0.661447214343 -13.6212197193 -212.067226601
2.4023061544 7.1874997699 -0.661447214343 -13.558131238 -212.067226601
2.50815477844 7.19105635432 -0.661447214343 -13.4941855544 -212.067226601
2.6186672257 7.19576626742 -0.661447214343 -13.4292928624 -212.067226601
2.73404899007 7.20172834603 -0.661447214343 -13.3636108212 -212.067226601
2.85451461979 7.20914576678 -0.661447214343 -13.297372544 -212.067226601
2.98028811633 7.2181061073 -0.661447214343 -13.2308384323 -212.067226601
3.11160335098 7.22840683502 -0.661447214343 -13.1641278605 -212.067226601
3.24870449967 7.24112189392 -0.661447214343 -13.0956409647 -212.067226601
3.54129551043 7.26752423393 -0.661447214343 -12.9677072329 -212.067226601
3.69732943493 7.2834824435 -0.661447214343 -12.9067290888 -212.067226601
3.86023840995 7.30222200419 -0.661447214343 -12.8481987865 -212.067226601
4.03032535887 7.32367651749 -0.661447214343 -12.7921604431 -212.067226601
4.20790655221 7.34719269487 -0.661447214343 -12.722660839 -212.067226601