Mass Entropy Slope Intercept Offset
0.303236406149 9.69189507216 -1.19593416064 -12.513070861 -0.82380657022
0.330547060776 9.77507808071 -1.19593416064 -12.3774519433 -0.728881617774
0.345111379108 9.81564316392 -1.19593416064 -12.3087792175 -0.668441914234
0.360317419584 9.85342434331 -1.19593416064 -12.2397546567 -0.610759109452
0.376193457287 9.89626678472 -1.19593416064 -12.1766256901 -0.550531475048
0.392769013135 9.94146848012 -1.19593416064 -12.1075451432 -0.497090052971
0.410074908776 9.98966652802 -1.19593416064 -12.0373547547 -0.474676734054
0.428143323898 10.0426600508 -1.19593416064 -11.9740551608 -0.415435252463
0.447007856067 10.1001027125 -1.19593416064 -11.9077625064 -0.295926856329
0.508736729994 10.2799831128 -1.19593416064 -11.7144408136 -0.229271447667
0.554555546096 10.3956652919 -1.19593416064 -11.5947794031 -0.174410685048
0.578989959421 10.4643750181 -1.19593416064 -11.5348787841 -0.153538053904
0.604500983662 10.5188276222 -1.19593416064 -11.4718781668 -0.139753560114
0.631136055646 10.5718649201 -1.19593416064 -11.4072428825 -0.128725965082
0.65894470233 10.6232853744 -1.19593416064 -11.3455126227 -0.119394923133
0.687978632886 10.672898505 -1.19593416064 -11.2834416037 -0.1119725034
0.71829183486 10.7213027171 -1.19593416064 -11.2184791777 -0.106246636748
0.749940674555 10.7684758318 -1.19593416064 -11.1489801106 -0.102429392314
0.782984001847 10.8146948208 -1.19593416064 -11.0723829425 -0.100308700962
0.817483259608 10.8595974628 -1.19593416064 -10.9853124028 -0.100096631827
0.853502597963 10.9029390343 -1.19593416064 -10.8964384048 -0.100732839233
0.891108993569 10.9465902479 -1.19593416064 -10.8058102616 -0.102005254044
0.930372374162 10.9888834648 -1.19593416064 -10.7148227612 -0.103913876261
0.971365748579 11.0313821049 -1.19593416064 -10.6231546207 -0.106246636748
1.01416534252 11.0728664195 -1.19593416064 -10.5307438378 -0.109215604642
1.05885074028 11.1135333833 -1.19593416064 -10.4370866717 -0.11239664167
1.10550503275 11.1532691784 -1.19593416064 -10.3436232541 -0.116001816969
1.15421497189 11.1927419475 -1.19593416064 -10.2494311099 -0.119819061403
1.20507113209 11.2316198725 -1.19593416064 -10.1551199039 -0.124060444108
1.25816807852 11.2712583035 -1.19593416064 -10.0619020615 -0.125241767685
1.31360454306 11.3075138189 -1.19593416064 -9.97039324487 -0.132331140381
1.37148360779 11.3460099939 -1.19593416064 -9.88023573471 -0.134941625212
1.43191289675 11.3828660082 -1.19593416064 -9.79212000333 -0.14081390579
1.49500477602 11.4193190665 -1.19593416064 -9.70622039919 -0.14606332735
1.56087656268 11.4549718901 -1.19593416064 -9.62358089262 -0.150565322163
1.62965074292 11.4921072642 -1.19593416064 -9.54396538158 -0.151518831233
1.70145519985 11.5280028245 -1.19593416064 -9.46762204699 -0.151259888056
1.77642345127 11.5610520907 -1.19593416064 -9.39578160252 -0.157775661322
1.85469489794 11.595020522 -1.19593416064 -9.32770208805 -0.157768602737
1.93641508277 11.628963368 -1.19593416064 -9.26487619406 -0.156589265799
2.0217359615 11.6614713687 -1.19593416064 -9.20575274195 -0.158299073126
2.11081618523 11.6923691634 -1.19593416064 -9.15031500387 -0.159881986528
2.20382139542 11.7259401891 -1.19593416064 -9.09662070625 -0.157878526775
2.30092453188 11.7588247073 -1.19593416064 -9.02726842778 -0.157774315923
2.4023061544 11.7893832886 -1.19593416064 -8.9564168435 -0.160327778339
2.50815477844 11.8205797008 -1.19593416064 -8.88384699641 -0.16325805105
2.6186672257 11.8513162159 -1.19593416064 -8.80626959335 -0.16723484973
2.73404899007 11.8811935487 -1.19593416064 -8.72038694102 -0.173304700346
2.85451461979 11.9100342902 -1.19593416064 -8.62903299841 -0.181258297705
2.98028811633 11.9393609035 -1.19593416064 -8.53594692916 -0.189630505451
3.11160335098 11.9677108827 -1.19593416064 -8.44376370529 -0.198630628778
3.24870449967 11.9956506508 -1.19593416064 -8.35221899837 -0.208049362492
3.39184649703 12.0232573236 -1.19593416064 -8.26081615399 -0.2176774014
3.54129551043 12.0508127789 -1.19593416064 -8.16891531115 -0.228351966277
3.69732943493 12.0776473664 -1.19593416064 -8.07602804855 -0.239863751928
3.86023840995 12.1040246425 -1.19593416064 -7.98314163738 -0.25200345316
4.03032535887 12.1299785361 -1.19593416064 -7.89000509536 -0.264980375166
4.20790655221 12.1562103264 -1.19593416064 -7.79635811678 -0.279003823141
4.3933121958 12.1816833434 -1.19593416064 -7.70305779014 -0.293655186697
4.58688704473 12.2073054986 -1.19593416064 -7.61012698886 -0.309143771027
4.78899104443 12.2323328765 -1.19593416064 -7.51873367275 -0.325050965745
5.0 12.2572691742 -1.19593416064 -7.42909911265 -0.341167465656