Mass Entropy Slope Intercept Offset
0.303236406149 9.78676467673 -1.19419117333 -12.5219423464 -0.685025822628
0.316597382763 9.82811734806 -1.19419117333 -12.4553748535 -0.619453943997
0.330547060776 9.86865212464 -1.19419117333 -12.3839856385 -0.565222378074
0.345111379108 9.90878757871 -1.19419117333 -12.3205314107 -0.520205588711
0.360317419584 9.94946581263 -1.19419117333 -12.2553891309 -0.473762448096
0.376193457287 9.98651226992 -1.19419117333 -12.1840847777 -0.433681381538
0.392769013135 10.0300148815 -1.19419117333 -12.1112419721 -0.395933075468
0.410074908776 10.0755061923 -1.19419117333 -12.0503031329 -0.339533779834
0.428143323898 10.1250944998 -1.19419117333 -11.9859910175 -0.308645177194
0.508736729994 10.3581638515 -1.19419117333 -11.7289289467 -0.167194441217
0.531152308779 10.4180099481 -1.19419117333 -11.6651744695 -0.168376242095
0.554555546096 10.4863857813 -1.19419117333 -11.6047326795 -0.143102756101
0.578989959421 10.545425611 -1.19419117333 -11.5446194343 -0.12618113546
0.604500983662 10.6023050959 -1.19419117333 -11.4807163938 -0.115153540428
0.631136055646 10.657260774 -1.19419117333 -11.4211557689 -0.105822498478
0.65894470233 10.7109517914 -1.19419117333 -11.3584442903 -0.0986121478803
0.71829183486 10.8140529109 -1.19419117333 -11.2306416332 -0.0882207602542
0.749940674555 10.8641691585 -1.19419117333 -11.1607608701 -0.0850397232258
0.782984001847 10.9127909363 -1.19419117333 -11.0846775822 -0.0831311010088
0.817483259608 10.9608624218 -1.19419117333 -10.9972224616 -0.0831311010088
0.853502597963 11.0075558332 -1.19419117333 -10.9081904262 -0.0837673084145
0.891108993569 11.0540164047 -1.19419117333 -10.8179386819 -0.0848276540906
0.930372374162 11.0996963714 -1.19419117333 -10.727051689 -0.0865242071724
0.971365748579 11.1450670196 -1.19419117333 -10.6353439186 -0.0884328293895
1.01416534252 11.1898450138 -1.19419117333 -10.542567512 -0.090765589877
1.05885074028 11.2343370468 -1.19419117333 -10.4493803492 -0.0933104194997
1.10550503275 11.2778898683 -1.19419117333 -10.3556300101 -0.0962793873928
1.15421497189 11.3226213517 -1.19419117333 -10.2611754865 -0.092785188767
1.20507113209 11.363085125 -1.19419117333 -10.1670701725 -0.10264146145
1.25816807852 11.4047405774 -1.19419117333 -10.0739533339 -0.106034567613
1.31360454306 11.44643086 -1.19419117333 -9.98217251193 -0.109427673777
1.37148360779 11.4870998679 -1.19419117333 -9.89185975852 -0.112820779941
1.43191289675 11.527802192 -1.19419117333 -9.8035743228 -0.116425955239
1.49500477602 11.5684432182 -1.19419117333 -9.71848159878 -0.119394923133
1.56087656268 11.6083119147 -1.19419117333 -9.63564789234 -0.122575960161
1.62965074292 11.6476826469 -1.19419117333 -9.55580812986 -0.125332858919
1.70145519985 11.6856400455 -1.19419117333 -9.47949434843 -0.127755630923
1.77642345127 11.7208786166 -1.19419117333 -9.40747275201 -0.131825039559
1.85469489794 11.7598286619 -1.19419117333 -9.33982951764 -0.131613517323
1.93641508277 11.7974309873 -1.19419117333 -9.27657869875 -0.131229027267
2.0217359615 11.8347853327 -1.19419117333 -9.21758211097 -0.129510719113
2.11081618523 11.8700014872 -1.19419117333 -9.16241210562 -0.1292013659
2.20382139542 11.9027793217 -1.19419117333 -9.10862498989 -0.129212736163
2.30092453188 11.9399923013 -1.19419117333 -9.03940614081 -0.129324100865
2.4023061544 11.976139322 -1.19419117333 -8.96808767038 -0.129276000608
2.50815477844 12.0097437639 -1.19419117333 -8.89577987305 -0.132394933337
2.6186672257 12.0417607982 -1.19419117333 -8.81829028846 -0.137036197108
2.73404899007 12.076191751 -1.19419117333 -8.73264544022 -0.140443784942
2.85451461979 12.1079955179 -1.19419117333 -8.64106847183 -0.146722940752
2.98028811633 12.1408480866 -1.19419117333 -8.54804249246 -0.153839317336
3.11160335098 12.1724230969 -1.19419117333 -8.45572103011 -0.16095569392
3.24870449967 12.2036874449 -1.19419117333 -8.36437618129 -0.168490680892
3.39184649703 12.2347171836 -1.19419117333 -8.27274709025 -0.17644427825
3.54129551043 12.2654062964 -1.19419117333 -8.18065698099 -0.18502579119
3.69732943493 12.2957230195 -1.19419117333 -8.08826483257 -0.194235219711
3.86023840995 12.3256042175 -1.19419117333 -7.99527183724 -0.204281869006
4.03032535887 12.354648556 -1.19419117333 -7.90154672814 -0.214956433883
4.20790655221 12.3833283683 -1.19419117333 -7.8081497476 -0.22625891434
4.3933121958 12.4120139673 -1.19419117333 -7.71473390397 -0.238398615572
4.58688704473 12.4395744911 -1.19419117333 -7.62210196946 -0.250956927191
4.78899104443 12.4668431257 -1.19419117333 -7.53112389212 -0.263724544004
5.0 12.4928608374 -1.19419117333 -7.4413681435 -0.276701466011