Mass Entropy Slope Intercept Offset
0.303236406149 8.97788805374 -1.18091480646 -12.6233397756 -3.68173225667
0.316597382763 9.01596308603 -1.18091480646 -12.5478538204 -3.67176500731
0.330547060776 9.05797646002 -1.18091480646 -12.4843216665 -3.61217358031
0.345111379108 9.10039287229 -1.18091480646 -12.4128640464 -3.53116317066
0.360317419584 9.14246643074 -1.18091480646 -12.3431304826 -3.37720097848
0.376193457287 9.17589483355 -1.18091480646 -12.2750929722 -3.17213012472
0.392769013135 9.21341948542 -1.18091480646 -12.205581129 -2.9456402883
0.410074908776 9.25771709765 -1.18091480646 -12.1411511326 -2.68903663467
0.428143323898 9.30297332182 -1.18091480646 -12.0727920034 -2.43837091683
0.447007856067 9.35321240498 -1.18091480646 -12.0166714914 -2.15865172747
0.466703583197 9.40401031578 -1.18091480646 -11.946559466 -1.92919292316
0.487267128783 9.45665553227 -1.18091480646 -11.8823944831 -1.70567205463
0.508736729994 9.50941776897 -1.18091480646 -11.8215403748 -1.49975292432
0.531152308779 9.56142606655 -1.18091480646 -11.7588048813 -1.32685379815
0.554555546096 9.61388773172 -1.18091480646 -11.6989145988 -1.1295299796
0.578989959421 9.66327301812 -1.18091480646 -11.6365739322 -1.05627782211
0.604500983662 9.71229068802 -1.18091480646 -11.5756266948 -0.909422326915
0.631136055646 9.75948008056 -1.18091480646 -11.5115348288 -0.817113494821
0.782984001847 9.96162818396 -1.18091480646 -11.1765216382 -0.514111208901
0.817483259608 9.996827576 -1.18091480646 -11.0892633781 -0.507770695459
0.853502597963 10.0305175202 -1.18091480646 -11.0000361838 -0.489324974396
0.891108993569 10.0772699119 -1.18091480646 -10.9100284983 -0.433045174133
0.930372374162 10.1108594798 -1.18091480646 -10.8188537717 -0.420533095154
0.971365748579 10.1402051513 -1.18091480646 -10.7272433844 -0.414383090233
1.01416534252 10.1690559232 -1.18091480646 -10.6351505406 -0.411202053204
1.05885074028 10.1964421048 -1.18091480646 -10.5416638477 -0.41331844211
1.10550503275 10.2230007485 -1.18091480646 -10.4474241835 -0.437952759195
1.15421497189 10.2517959574 -1.18091480646 -10.3526212324 -0.429944407992
1.20507113209 10.2738480799 -1.18091480646 -10.2588769549 -0.424356852247
1.25816807852 10.2979976581 -1.18091480646 -10.1660096459 -0.436199758395
1.31360454306 10.3206503524 -1.18091480646 -10.0737541124 -0.460167962109
1.37148360779 10.3420783879 -1.18091480646 -9.98352912468 -0.469518499854
1.43191289675 10.3630998842 -1.18091480646 -9.89604093244 -0.471717839888
1.49500477602 10.3831840672 -1.18091480646 -9.80959522875 -0.492712793992
1.56087656268 10.4033272356 -1.18091480646 -9.72788791593 -0.477658048716
1.62965074292 10.4229219648 -1.18091480646 -9.64825871493 -0.502986448746
1.70145519985 10.4420437058 -1.18091480646 -9.57168462245 -0.536748166563
1.77642345127 10.4614090208 -1.18091480646 -9.49936969811 -0.523712299781
1.85469489794 10.4794293956 -1.18091480646 -9.43201179841 -0.540567777147
1.93641508277 10.496770305 -1.18091480646 -9.36819540739 -0.546861130142
2.0217359615 10.5133696993 -1.18091480646 -9.30961856039 -0.552239377712
2.11081618523 10.5299763493 -1.18091480646 -9.2539200361 -0.53973611072
2.20382139542 10.5454613643 -1.18091480646 -9.20049150823 -0.542452145939
2.30092453188 10.5606008411 -1.18091480646 -9.13123088801 -0.558667818022
2.4023061544 10.575156498 -1.18091480646 -9.06028022763 -0.572757957706
2.50815477844 10.5894499834 -1.18091480646 -8.98796733203 -0.590361267949
2.6186672257 10.6038553948 -1.18091480646 -8.91049635618 -0.603131457156
2.73404899007 10.618196969 -1.18091480646 -8.82494615551 -0.629046846963
2.85451461979 10.6316399054 -1.18091480646 -8.73339158872 -0.667831692169
2.98028811633 10.6453525238 -1.18091480646 -8.64036979275 -0.701720266296
3.11160335098 10.6590824009 -1.18091480646 -8.5481307056 -0.741869776313
3.24870449967 10.6718183749 -1.18091480646 -8.45679912728 -0.786490981694
3.39184649703 10.6847361551 -1.18091480646 -8.36515632561 -0.828412796638
3.54129551043 10.6969566692 -1.18091480646 -8.27350009655 -0.873052364388
3.69732943493 10.7092569686 -1.18091480646 -8.18093504318 -0.917902001266
3.86023840995 10.7215984701 -1.18091480646 -8.08794088299 -0.96743320296
4.03032535887 10.7341185243 -1.18091480646 -7.99470741609 -1.03087949618
4.20790655221 10.7465807491 -1.18091480646 -7.90095873309 -1.08854263125
4.3933121958 10.759261703 -1.18091480646 -7.80779612042 -1.14971991065
4.58688704473 10.7720880896 -1.18091480646 -7.71518577255 -1.21463960752
4.78899104443 10.7862805386 -1.18091480646 -7.62380358322 -1.28033792606
5.0 10.8018723365 -1.18091480646 -7.53429030382 -1.34819309857