Mass Entropy Slope Intercept Offset
0.303236406149 7.05850628928 -0.40227096306 -18.243935663 -10.6659482838
0.316597382763 7.0503998943 -0.40227096306 -18.2101831543 -11.6183009538
0.330547060776 7.04148904208 -0.40227096306 -18.1665585551 -12.9961373384
0.345111379108 7.03213340139 -0.40227096306 -18.1050540529 -15.1803461854
0.360317419584 7.02338955802 -0.40227096306 -18.0569353296 -17.2266642256
0.376193457287 7.01450015812 -0.40227096306 -17.9992515608 -20.0145821873
0.392769013135 7.006253478 -0.40227096306 -17.941839002 -22.8714368922
0.410074908776 6.99714106183 -0.40227096306 -17.8965633324 -26.1875127157
0.428143323898 6.98828538799 -0.40227096306 -17.8423118021 -30.6721588109
0.447007856067 6.97938050663 -0.40227096306 -17.8002865644 -34.0535787862
0.466703583197 6.97058609262 -0.40227096306 -17.7482506383 -39.7763964342
0.487267128783 6.96185537993 -0.40227096306 -17.6978366634 -45.9028174338
0.508736729994 6.95232499105 -0.40227096306 -17.6591997188 -49.5870600123
0.531152308779 6.94222901361 -0.40227096306 -17.61127399 -57.0451556773
0.554555546096 6.93125939851 -0.40227096306 -17.5647376544 -64.5493371503
0.578989959421 6.92016170487 -0.40227096306 -17.528973687 -68.316403179
0.604500983662 6.90792597338 -0.40227096306 -17.485061497 -80.7372446247
0.631136055646 6.89568156041 -0.40227096306 -17.4515658598 -88.6577295383
0.65894470233 6.88396902702 -0.40227096306 -17.4093252216 -99.3163659247
0.687978632886 6.87293035338 -0.40227096306 -17.3683727724 -108.206841344
0.71829183486 6.86277717046 -0.40227096306 -17.3369585921 -116.99195457
0.749940674555 6.85361565696 -0.40227096306 -17.2969977705 -129.736603186
0.782984001847 6.84543052143 -0.40227096306 -17.2581293933 -135.709990023
0.817483259608 6.83808884927 -0.40227096306 -17.2281141951 -145.436406218
0.853502597963 6.83139288391 -0.40227096306 -17.1898018832 -156.03775712
0.891108993569 6.82512418225 -0.40227096306 -17.1521043698 -169.313414188
0.930372374162 6.81896576672 -0.40227096306 -17.1237205359 -170.91112116
0.971365748579 6.8124884947 -0.40227096306 -17.0870678014 -183.291101627
1.01416534252 6.80577092506 -0.40227096306 -17.0501804449 -195.055967623
1.05885074028 6.79874647122 -0.40227096306 -17.0227223182 -206.017518356
1.10550503275 6.79269086305 -0.40227096306 -16.9850431732 -216.154291139
1.15421497189 6.78502815206 -0.40227096306 -16.9515282519 -226.960832544
1.20507113209 6.77744521799 -0.40227096306 -16.9263896753 -233.129290813
1.25816807852 6.76989105808 -0.40227096306 -16.8961345087 -218.375482168
1.31360454306 6.76193991405 -0.40227096306 -16.8683838504 -224.375177278
1.37148360779 6.75400762468 -0.40227096306 -16.8459499237 -218.721153104
1.43191289675 6.74614796474 -0.40227096306 -16.8199625453 -220.635533539
1.49500477602 6.73813490441 -0.40227096306 -16.7988823902 -203.137766921
1.56087656268 6.73008023362 -0.40227096306 -16.7757236486 -220.482815726
1.62965074292 6.72213532154 -0.40227096306 -16.7552379631 -217.51853792
1.70145519985 6.71432265776 -0.40227096306 -16.7337502656 -233.065902729
1.77642345127 6.70688530226 -0.40227096306 -16.712955113 -218.735185766
1.85469489794 6.70002836491 -0.40227096306 -16.6912292838 -205.102946494
1.93641508277 6.6940359761 -0.40227096306 -16.6681150792 -226.472085239
2.0217359615 6.69026880316 -0.40227096306 -16.6400241277 -206.761542505
2.11081618523 6.68611971373 -0.40227096306 -16.6102213713 -212.067226601
2.20382139542 6.68323359029 -0.40227096306 -16.5749502995 -212.067226601
2.30092453188 6.68160097043 -0.40227096306 -16.5331397023 -210.399824741
2.4023061544 6.68126219869 -0.40227096306 -16.4871574642 -213.537867861
2.50815477844 6.6822401796 -0.40227096306 -16.4371578189 -207.889598563
2.6186672257 6.68460134571 -0.40227096306 -16.3827238167 -212.067226601
2.73404899007 6.68854459634 -0.40227096306 -16.3235090024 -212.067226601
2.85451461979 6.69403963799 -0.40227096306 -16.2592986237 -212.067226601
2.98028811633 6.70135909146 -0.40227096306 -16.190574256 -212.067226601
3.11160335098 6.71056840342 -0.40227096306 -16.1167856763 -212.067226601
3.24870449967 6.72190821116 -0.40227096306 -16.0381670511 -212.067226601
3.54129551043 6.75099753967 -0.40227096306 -15.8655169219 -212.067226601
3.69732943493 6.76871590863 -0.40227096306 -15.7714152773 -212.067226601
3.86023840995 6.78867614858 -0.40227096306 -15.6725260181 -212.067226601