Mass Entropy Slope Intercept Offset
0.303236406149 9.61160977158 -1.19239003813 -12.534331988 -1.01305425898
0.316597382763 9.65643894405 -1.19239003813 -12.4649801563 -0.938617992513
0.330547060776 9.70072047134 -1.19239003813 -12.3957879013 -0.864817933454
0.345111379108 9.73847381131 -1.19239003813 -12.3284799313 -0.792290289206
0.360317419584 9.77810507557 -1.19239003813 -12.2647505043 -0.703890287341
0.376193457287 9.82048180425 -1.19239003813 -12.1892220525 -0.656566042661
0.392769013135 9.8670098587 -1.19239003813 -12.1295241337 -0.583614260143
0.410074908776 9.91786061985 -1.19239003813 -12.0635399245 -0.542720749095
0.428143323898 9.97097482905 -1.19239003813 -11.9934626722 -0.465571384651
0.447007856067 10.0284231117 -1.19239003813 -11.9289008654 -0.421665148702
0.508736729994 10.2080917278 -1.19239003813 -11.7421735539 -0.282340689436
0.531152308779 10.2661631176 -1.19239003813 -11.6799683635 -0.235344787878
0.554555546096 10.3214294636 -1.19239003813 -11.6178989504 -0.212399312718
0.578989959421 10.3902164698 -1.19239003813 -11.5572680179 -0.174744967427
0.604500983662 10.4436775903 -1.19239003813 -11.4951822642 -0.157991505744
0.631136055646 10.5040194159 -1.19239003813 -16.6698100792 1.08420217249e-19
0.65894470233 10.545430879 -1.19239003813 -11.370074812 -0.133603555193
0.687978632886 10.593520292 -1.19239003813 -11.3082045787 -0.125120789784
0.71829183486 10.6404967802 -1.19239003813 -11.2430513074 -0.118122508321
0.749940674555 10.6860350164 -1.19239003813 -11.1734518415 -0.113881125617
0.782984001847 10.7298972151 -1.19239003813 -11.0970504294 -0.111124226859
0.817483259608 10.7730299196 -1.19239003813 -11.009770696 -0.110700088588
0.853502597963 10.8150322992 -1.19239003813 -10.9206807411 -0.111336295994
0.891108993569 10.8562479427 -1.19239003813 -10.8304667284 -0.112608710805
0.930372374162 10.8964963779 -1.19239003813 -10.7395066517 -0.114517333022
0.971365748579 10.9357435829 -1.19239003813 -10.6473899519 -0.11727423178
1.01416534252 10.9751103614 -1.19239003813 -10.5551079221 -0.120243199673
1.05885074028 11.0137012434 -1.19239003813 -10.4615029515 -0.124060444108
1.10550503275 11.0512058307 -1.19239003813 -10.3678507871 -0.128089757677
1.15421497189 11.0880210875 -1.19239003813 -10.2736743419 -0.132543209517
1.20507113209 11.1241670049 -1.19239003813 -10.1799927553 -0.137208730492
1.25816807852 11.1607005899 -1.19239003813 -10.08646314 -0.142086320602
1.31360454306 11.1945617036 -1.19239003813 -9.99451659388 -0.149351953839
1.37148360779 11.2306999428 -1.19239003813 -9.90440750117 -0.150451096249
1.43191289675 11.2656544364 -1.19239003813 -9.81647440976 -0.156159052702
1.49500477602 11.2989308448 -1.19239003813 -9.73101295331 -0.160720914849
1.56087656268 11.3312003395 -1.19239003813 -9.64801719097 -0.169123642908
1.62965074292 11.3640336753 -1.19239003813 -9.56862371991 -0.172322726154
1.70145519985 11.3976776958 -1.19239003813 -9.49230135026 -0.173994293759
1.77642345127 11.4294855711 -1.19239003813 -9.42013653857 -0.175501935515
1.85469489794 11.4599120179 -1.19239003813 -9.35214823348 -0.180581093601
1.93641508277 11.4924478197 -1.19239003813 -9.28908903011 -0.178584202346
2.0217359615 11.5235969977 -1.19239003813 -9.23018092876 -0.176290826463
2.11081618523 11.553973923 -1.19239003813 -9.17480122911 -0.173680696329
2.20382139542 11.5832130023 -1.19239003813 -9.12113748304 -0.176686060502
2.30092453188 11.6124911343 -1.19239003813 -9.05183096079 -0.177909414606
2.4023061544 11.6416423147 -1.19239003813 -8.98079045564 -0.181048992511
2.50815477844 11.6703393521 -1.19239003813 -8.90832047822 -0.184397875609
2.6186672257 11.697949986 -1.19239003813 -8.83088518669 -0.189211895063
2.73404899007 11.7257777811 -1.19239003813 -8.74481634481 -0.196328271648
2.85451461979 11.7526431426 -1.19239003813 -8.65353511866 -0.205119089781
2.98028811633 11.7787209355 -1.19239003813 -8.56063926449 -0.214956433883
3.11160335098 11.8051955099 -1.19239003813 -8.46840135477 -0.225212388372
3.24870449967 11.8313258229 -1.19239003813 -8.37690492915 -0.235677648055
3.39184649703 11.8564838926 -1.19239003813 -8.28537608468 -0.246980128512
3.54129551043 11.8813916573 -1.19239003813 -8.19345197123 -0.25891052455
3.69732943493 11.9062652806 -1.19239003813 -8.10085299132 -0.271887446557
3.86023840995 11.9303332702 -1.19239003813 -8.00774781968 -0.285701589338
4.03032535887 11.9541469664 -1.19239003813 -7.91461310493 -0.300562258087
4.20790655221 11.9776959197 -1.19239003813 -7.8208417176 -0.316469452805
4.3933121958 12.0013537606 -1.19239003813 -7.72745280543 -0.333213868297
4.58688704473 12.0241263645 -1.19239003813 -7.63458145113 -0.350795504564
4.78899104443 12.0468100939 -1.19239003813 -7.54359792839 -0.368586446025
5.0 12.0701145892 -1.19239003813 -7.45394410763 -0.386586692679