Mass Entropy Slope Intercept Offset
0.303236406149 9.05455153685 -1.18696905937 -12.5790039873 -3.3489957835
0.316597382763 9.09575712405 -1.18696905937 -12.5042678044 -3.33075783787
0.330547060776 9.13863773897 -1.18696905937 -12.4409013085 -3.20903015425
0.345111379108 9.18208643438 -1.18696905937 -12.3696920559 -3.06227831267
0.360317419584 9.22105308772 -1.18696905937 -12.3001431558 -2.87735402675
0.376193457287 9.25702337259 -1.18696905937 -12.235575015 -2.66019523228
0.392769013135 9.29563869051 -1.18696905937 -12.1686701898 -2.44218816127
0.410074908776 9.33954853609 -1.18696905937 -12.1036670638 -2.2178190162
0.428143323898 9.38975808652 -1.18696905937 -12.0398671685 -1.98984469583
0.447007856067 9.44149190801 -1.18696905937 -11.9678112609 -1.78541004947
0.466703583197 9.49466978485 -1.18696905937 -11.9044856814 -1.57482539819
0.487267128783 9.54826026719 -1.18696905937 -11.8426157947 -1.38290283081
0.508736729994 9.59963431416 -1.18696905937 -11.7794628577 -1.21431290826
0.531152308779 9.65741032173 -1.18696905937 -11.7159209838 -1.05110778819
0.554555546096 9.70877954458 -1.18696905937 -11.6554539471 -0.944257572469
0.578989959421 9.76068614007 -1.18696905937 -11.5935274663 -0.8639760875
0.687978632886 9.94406625806 -1.18696905937 -11.3460097055 -0.555191051918
0.71829183486 9.98490685611 -1.18696905937 -11.2810078201 -0.495053969715
0.749940674555 10.0237608857 -1.18696905937 -11.2110191545 -0.446380628511
0.817483259608 10.0970880276 -1.18696905937 -11.0474427057 -0.41380954992
0.853502597963 10.1482867923 -1.18696905937 -10.9575641685 -0.366243396536
0.891108993569 10.1819738681 -1.18696905937 -10.8680790542 -0.357336492857
0.930372374162 10.2145252337 -1.18696905937 -10.777269194 -0.351822695341
0.971365748579 10.2451759839 -1.18696905937 -10.6851452837 -0.350126142259
1.01416534252 10.27419472 -1.18696905937 -10.5929444016 -0.322834427681
1.05885074028 10.3028075619 -1.18696905937 -10.499766329 -0.320364212277
1.10550503275 10.3296682984 -1.18696905937 -10.4055908096 -0.337762194146
1.15421497189 10.3558665357 -1.18696905937 -10.311110733 -0.376821308256
1.20507113209 10.3810451723 -1.18696905937 -10.2168867092 -0.382342398983
1.25816807852 10.4059339194 -1.18696905937 -10.1235834973 -0.396600044738
1.31360454306 10.4297255012 -1.18696905937 -10.0322274691 -0.400316215009
1.37148360779 10.4526928585 -1.18696905937 -9.94149850968 -0.401560629305
1.43191289675 10.4744219438 -1.18696905937 -9.85391562167 -0.428322505513
1.49500477602 10.4956274355 -1.18696905937 -9.76781845127 -0.44030147366
1.56087656268 10.5161351946 -1.18696905937 -9.68506490715 -0.463000320224
1.62965074292 10.5379606796 -1.18696905937 -9.60607795123 -0.450407426191
1.70145519985 10.558008083 -1.18696905937 -9.53015002082 -0.471183022217
1.77642345127 10.5776260077 -1.18696905937 -9.45705111008 -0.483531878687
1.85469489794 10.5963688585 -1.18696905937 -9.39005370602 -0.493707545945
1.93641508277 10.6156215255 -1.18696905937 -9.32673676999 -0.48716684621
2.0217359615 10.6331648282 -1.18696905937 -9.26733526726 -0.496382595876
2.11081618523 10.6502042357 -1.18696905937 -9.21242204109 -0.497422326881
2.20382139542 10.6673617895 -1.18696905937 -9.15878572443 -0.491929496292
2.30092453188 10.6833854629 -1.18696905937 -9.08936381115 -0.504071893014
2.4023061544 10.6992145413 -1.18696905937 -9.01847498325 -0.510708631146
2.50815477844 10.7146808175 -1.18696905937 -8.94618120121 -0.530389968986
2.6186672257 10.7300701442 -1.18696905937 -8.86865437893 -0.54740742291
2.73404899007 10.7452996986 -1.18696905937 -8.78298602791 -0.568901136278
2.85451461979 10.7598273467 -1.18696905937 -8.69118972075 -0.602103060577
2.98028811633 10.7745607499 -1.18696905937 -8.59862388385 -0.629238207357
3.11160335098 10.7892945721 -1.18696905937 -8.50648629131 -0.663865184271
3.24870449967 10.8036942503 -1.18696905937 -8.41476635847 -0.701632185257
3.39184649703 10.8173193742 -1.18696905937 -8.32338683579 -0.738545314397
3.54129551043 10.8307137993 -1.18696905937 -8.23138610256 -0.778129790323
3.69732943493 10.8440151933 -1.18696905937 -8.13900074125 -0.820496401592
3.86023840995 10.8572059329 -1.18696905937 -8.04602725235 -0.870693638625
4.03032535887 10.8707922826 -1.18696905937 -7.95266426889 -0.920558063802
4.20790655221 10.8838809761 -1.18696905937 -7.85899279077 -0.972206164393
4.3933121958 10.8971077306 -1.18696905937 -7.76595717574 -1.02841277345
4.58688704473 10.9109480092 -1.18696905937 -7.67322154136 -1.08436298892
4.78899104443 10.9260473549 -1.18696905937 -7.58178362881 -1.13816907884
5.0 10.9423363609 -1.18696905937 -7.49237134102 -1.20486254766