Mass Entropy Slope Intercept Offset
0.303236406149 9.79699240584 -1.19952991478 -12.4901292139 -0.680174679781
0.330547060776 9.87963057222 -1.19952991478 -12.3499554082 -0.569569559177
0.376193457287 9.99464132117 -1.19952991478 -12.1452888542 -0.446829667922
0.410074908776 10.0835782076 -1.19952991478 -12.0150397823 -0.360879439736
0.428143323898 10.1324257368 -1.19952991478 -11.9510201997 -0.33741039841
0.487267128783 10.303256185 -1.19952991478 -11.7563963077 -0.206820858483
0.531152308779 10.4263669132 -1.19952991478 -11.6323641677 -0.161802864477
0.554555546096 10.4940844034 -1.19952991478 -11.5675282554 -0.142356565116
0.578989959421 10.5523635693 -1.19952991478 -11.5075993243 -0.132331140381
0.604500983662 10.6096711974 -1.19952991478 -11.4475555013 -0.120031130538
0.631136055646 10.6651740693 -1.19952991478 -11.3820366505 -0.110912157723
0.65894470233 10.7188805782 -1.19952991478 -11.3206319892 -0.103277668855
0.687978632886 10.7709402307 -1.19952991478 -11.2589624897 -0.0971276639337
0.71829183486 10.822556572 -1.19952991478 -11.1938734361 -0.0922500738235
0.749940674555 10.8728192311 -1.19952991478 -11.1239689186 -0.0890690367951
0.782984001847 10.9221235197 -1.19952991478 -11.0476757084 -0.0871604145781
0.817483259608 10.9702122632 -1.19952991478 -10.960375674 -0.0871604145781
0.853502597963 11.0176561531 -1.19952991478 -10.8710962992 -0.0877966219838
0.891108993569 11.064479153 -1.19952991478 -10.7810335679 -0.0890690367951
0.930372374162 11.1107655409 -1.19952991478 -10.6896662849 -0.090765589877
0.971365748579 11.1566650919 -1.19952991478 -10.5984538276 -0.092674212094
1.01416534252 11.2035267654 -1.19952991478 -10.5057365265 -0.0907671254003
1.05885074028 11.245619342 -1.19952991478 -10.4126525754 -0.0977638713394
1.10550503275 11.2916135688 -1.19952991478 -10.3185717334 -0.0962131529243
1.15421497189 11.3329437988 -1.19952991478 -10.2243595912 -0.103913876261
1.20507113209 11.3754894062 -1.19952991478 -10.1304101394 -0.107306982425
1.25816807852 11.4176896312 -1.19952991478 -10.0371942629 -0.110700088588
1.31360454306 11.459460155 -1.19952991478 -9.94517331911 -0.114305263887
1.37148360779 11.5006629689 -1.19952991478 -9.85486818708 -0.117910439186
1.43191289675 11.5423714394 -1.19952991478 -9.76665927224 -0.121515614485
1.49500477602 11.5830937863 -1.19952991478 -9.68131330401 -0.124696651513
1.56087656268 11.6228921081 -1.19952991478 -9.59905121095 -0.127877688542
1.62965074292 11.6629508982 -1.19952991478 -9.51892449678 -0.1306345873
1.70145519985 11.7019878486 -1.19952991478 -9.44253173097 -0.13255884481
1.77642345127 11.7403452239 -1.19952991478 -9.37073752725 -0.133762959011
1.85469489794 11.7783523865 -1.19952991478 -9.30304651034 -0.135402752017
1.93641508277 11.815300564 -1.19952991478 -9.2398222056 -0.134863170035
2.0217359615 11.850680654 -1.19952991478 -9.18100275313 -0.136603259796
2.11081618523 11.8884819406 -1.19952991478 -9.12544687196 -0.13341684897
2.20382139542 11.9226779637 -1.19952991478 -9.07157591009 -0.1332342569
2.30092453188 11.95941062 -1.19952991478 -9.00237574226 -0.133325726878
2.4023061544 11.9913349235 -1.19952991478 -8.93147266523 -0.137586430609
2.50815477844 12.0256916918 -1.19952991478 -8.85895744539 -0.139472153593
2.6186672257 12.0619300216 -1.19952991478 -8.7814921111 -0.141209000063
2.73404899007 12.0954062116 -1.19952991478 -8.69562541748 -0.146095025171
2.85451461979 12.1284685304 -1.19952991478 -8.60398766978 -0.152583486174
2.98028811633 12.1607957767 -1.19952991478 -8.51124603396 -0.159699862758
3.11160335098 12.1929410244 -1.19952991478 -8.41910807044 -0.167025544536
3.24870449967 12.2247826643 -1.19952991478 -8.32748630363 -0.174769836701
3.39184649703 12.2558446333 -1.19952991478 -8.23589999242 -0.183142044447
3.54129551043 12.2863142974 -1.19952991478 -8.14371759159 -0.191932862581
3.69732943493 12.3176585313 -1.19952991478 -8.05127816944 -0.201351596295
3.86023840995 12.3475278263 -1.19952991478 -7.95831409001 -0.211607550784
4.03032535887 12.3770338002 -1.19952991478 -7.86520076369 -0.222282115661
4.20790655221 12.4062417332 -1.19952991478 -7.77169312614 -0.234003206505
4.3933121958 12.4339961164 -1.19952991478 -7.67814595307 -0.246352212931
4.58688704473 12.462358305 -1.19952991478 -7.58561253362 -0.259329134938
4.78899104443 12.4900022442 -1.19952991478 -7.49387592234 -0.272515362138
5.0 12.5155291142 -1.19952991478 -7.40456704457 -0.285910894532