Mass Entropy Slope Intercept Offset
0.303236406149 9.81248362643 -1.19515761105 -12.5154324713 -0.646122677751
0.316597382763 9.8566875477 -1.19515761105 -12.4474446465 -0.584250467549
0.330547060776 9.89647608315 -1.19515761105 -12.38182876 -0.522795314855
0.345111379108 9.93759884907 -1.19515761105 -12.3166088649 -0.489667633238
0.376193457287 10.0174040128 -1.19515761105 -12.1764865898 -0.410141707528
0.392769013135 10.0565243987 -1.19515761105 -12.1119360958 -0.374237702591
0.410074908776 10.0988650225 -1.19515761105 -12.0444846794 -0.348916592104
0.428143323898 10.1482897854 -1.19515761105 -11.9745486149 -0.281693597764
0.508736729994 10.3760095257 -1.19515761105 -11.723198322 -0.177273434268
0.531152308779 10.4380869919 -1.19515761105 -11.6601642041 -0.15844862444
0.554555546096 10.5057410658 -1.19515761105 -11.5978299652 -0.140307276097
0.578989959421 10.5665610761 -1.19515761105 -11.5378718539 -0.120024781564
0.604500983662 10.6237874066 -1.19515761105 -11.4772867828 -0.110912157723
0.631136055646 10.6795080127 -1.19515761105 -11.4156146034 -0.102624635475
0.65894470233 10.7341041463 -1.19515761105 -11.3507473286 -0.0952190417167
0.687978632886 10.7867533422 -1.19515761105 -11.2887466186 -0.0894931750656
0.71829183486 10.838670194 -1.19515761105 -11.2239482665 -0.0852517923611
0.749940674555 10.889583808 -1.19515761105 -11.1544260038 -0.0822828244679
0.782984001847 10.9391902493 -1.19515761105 -11.0780550551 -0.0805862713861
0.817483259608 10.988237051 -1.19515761105 -10.9905241516 -0.0805862713861
0.853502597963 11.0361366622 -1.19515761105 -10.9013170604 -0.0810104096565
0.891108993569 11.0839345721 -1.19515761105 -10.8111895085 -0.0820707553327
0.930372374162 11.1307650405 -1.19515761105 -10.7202480499 -0.0835552392793
0.971365748579 11.1779681053 -1.19515761105 -10.6285293364 -0.084441998599
1.01416534252 11.2230857601 -1.19515761105 -10.5360527173 -0.0875845528486
1.05885074028 11.2684426717 -1.19515761105 -10.4427623149 -0.0901293824713
1.10550503275 11.3130652516 -1.19515761105 -10.3486532104 -0.0928862812292
1.15421497189 11.3568907388 -1.19515761105 -10.2547625638 -0.0958552491224
1.20507113209 11.3997901676 -1.19515761105 -10.160703599 -0.0990362861508
1.25816807852 11.4428465405 -1.19515761105 -10.0673276842 -0.102217323179
1.31360454306 11.485673666 -1.19515761105 -9.97584461466 -0.105398360208
1.37148360779 11.5278229996 -1.19515761105 -9.88517761477 -0.108579397236
1.43191289675 11.5694128997 -1.19515761105 -9.79709281277 -0.1119725034
1.49500477602 11.6110290974 -1.19515761105 -9.71133399156 -0.115153540428
1.56087656268 11.652036085 -1.19515761105 -9.6290978051 -0.117910439186
1.62965074292 11.69255945 -1.19515761105 -9.54915741799 -0.120455268809
1.70145519985 11.7312022798 -1.19515761105 -9.47331206183 -0.123421754409
1.77642345127 11.7719620013 -1.19515761105 -9.40076940432 -0.121713552153
1.85469489794 11.8062794383 -1.19515761105 -9.33330261304 -0.127455172124
1.93641508277 11.8463091782 -1.19515761105 -9.27006722556 -0.126087384239
2.0217359615 11.8835272288 -1.19515761105 -9.21117417177 -0.125519638783
2.11081618523 11.9211357414 -1.19515761105 -9.15557139408 -0.123878985954
2.20382139542 11.9586598219 -1.19515761105 -9.10188931831 -0.119912189677
2.30092453188 11.9912206782 -1.19515761105 -9.03256868372 -0.125274246473
2.4023061544 12.0283396853 -1.19515761105 -8.96119453173 -0.125503954415
2.50815477844 12.0637948684 -1.19515761105 -8.88920275132 -0.126532946232
2.6186672257 12.0980777916 -1.19515761105 -8.81157321884 -0.129409396644
2.73404899007 12.133447221 -1.19515761105 -8.72589494126 -0.133971648221
2.85451461979 12.16676583 -1.19515761105 -8.63395662442 -0.140653090136
2.98028811633 12.20021102 -1.19515761105 -8.54118181325 -0.147141551139
3.11160335098 12.2326456902 -1.19515761105 -8.44917283853 -0.154048622529
3.24870449967 12.2649170163 -1.19515761105 -8.35781165283 -0.161164999114
3.39184649703 12.2971975557 -1.19515761105 -8.2659227627 -0.168909291279
3.54129551043 12.3282257957 -1.19515761105 -8.17391545456 -0.176862888638
3.69732943493 12.3592573808 -1.19515761105 -8.08153065604 -0.185863011965
3.86023840995 12.3903430659 -1.19515761105 -7.98839560302 -0.195281745679
4.03032535887 12.4201283923 -1.19515761105 -7.89527411813 -0.205328394975
4.20790655221 12.4496207168 -1.19515761105 -7.80173807205 -0.216212265045
4.3933121958 12.4785449305 -1.19515761105 -7.70851532521 -0.227514745502
4.58688704473 12.5065185099 -1.19515761105 -7.61562101323 -0.239654446734
4.78899104443 12.5338934282 -1.19515761105 -7.52416769689 -0.25200345316
5.0 12.5594476233 -1.19515761105 -7.43448942833 -0.264352459585