Mass Entropy Slope Intercept Offset
0.303236406149 9.47849182025 -1.18775518032 -12.5693188331 -1.33942865809
0.316597382763 9.5238581414 -1.18775518032 -12.4981185436 -1.2473906534
0.330547060776 9.56691888752 -1.18775518032 -12.434325546 -1.1462336759
0.360317419584 9.65077042135 -1.18775518032 -12.2971045228 -0.914144859679
0.376193457287 9.69273282447 -1.18775518032 -12.2260084089 -0.873936906269
0.392769013135 9.73765320436 -1.18775518032 -12.163616141 -0.720736224311
0.410074908776 9.78657581804 -1.18775518032 -12.0944638891 -0.69749538576
0.428143323898 9.84234355095 -1.18775518032 -12.0278557447 -0.584920988503
0.447007856067 9.9009295674 -1.18775518032 -11.9624223635 -0.520323739705
0.466703583197 9.96173191202 -1.18775518032 -11.9023593918 -0.446634575954
0.531152308779 10.1355708928 -1.18775518032 -11.713295702 -0.324431679989
0.554555546096 10.1911096709 -1.18775518032 -11.6510548533 -0.266011994548
0.578989959421 10.2439281873 -1.18775518032 -11.5875417403 -0.231210151613
0.604500983662 10.2940401543 -1.18775518032 -11.5273867483 -0.212968646047
0.631136055646 10.3591451089 -1.18775518032 -11.4653272032 -0.183863940241
0.65894470233 10.4074889094 -1.18775518032 -11.4033420596 -0.168594962505
0.687978632886 10.4539579149 -1.18775518032 -11.3403400006 -0.156082883527
0.71829183486 10.4986151259 -1.18775518032 -11.2749782622 -0.146963910712
0.749940674555 10.5420629013 -1.18775518032 -11.205416949 -0.14038976752
0.782984001847 10.5838525333 -1.18775518032 -11.1292186251 -0.136360453951
0.817483259608 10.6248005778 -1.18775518032 -11.0417507345 -0.135300108275
0.853502597963 10.6650054194 -1.18775518032 -10.9524322899 -0.132310587512
0.891108993569 10.7028663919 -1.18775518032 -10.8621640059 -0.136572523086
0.930372374162 10.7399549003 -1.18775518032 -10.7713003619 -0.138693214438
0.971365748579 10.7759966228 -1.18775518032 -10.6801414978 -0.141238044061
1.01416534252 10.8114561715 -1.18775518032 -10.5871039176 -0.14484321936
1.05885074028 10.8461403804 -1.18775518032 -10.4939957888 -0.149084602064
1.15421497189 10.9140688615 -1.18775518032 -10.3055313596 -0.156107823344
1.20507113209 10.9468070163 -1.18775518032 -10.2115507232 -0.166240050358
1.25816807852 10.9775917023 -1.18775518032 -10.1184055039 -0.176387041984
1.31360454306 11.0112867886 -1.18775518032 -10.0258579234 -0.178972199762
1.37148360779 11.0430323385 -1.18775518032 -9.93641820078 -0.175049611033
1.43191289675 11.0718529843 -1.18775518032 -9.84850960719 -0.193410646996
1.49500477602 11.1036625123 -1.18775518032 -9.76288885437 -0.185722613401
1.56087656268 11.1317299661 -1.18775518032 -9.68000095647 -0.203547234237
1.62965074292 11.1596940032 -1.18775518032 -9.60085330684 -0.207668782442
1.70145519985 11.188238054 -1.18775518032 -9.52380850991 -0.214550541859
1.77642345127 11.2175660004 -1.18775518032 -9.45200518199 -0.212853517033
1.85469489794 11.2447704532 -1.18775518032 -9.38458343848 -0.218579002251
1.93641508277 11.2730112294 -1.18775518032 -9.32064920801 -0.217323150251
2.0217359615 11.3004258006 -1.18775518032 -9.26237786624 -0.216098272054
2.11081618523 11.3263063902 -1.18775518032 -9.20701229942 -0.218082609283
2.20382139542 11.3531236066 -1.18775518032 -9.15313729165 -0.215093946115
2.30092453188 11.3784690337 -1.18775518032 -9.08384806511 -0.220607674111
2.4023061544 11.4033452939 -1.18775518032 -9.01292885178 -0.225212388372
2.50815477844 11.4276982734 -1.18775518032 -8.94038201185 -0.23023571302
2.6186672257 11.4522629382 -1.18775518032 -8.86300579155 -0.236933479217
2.73404899007 11.4759569266 -1.18775518032 -8.7771961851 -0.246352212931
2.85451461979 11.4997847044 -1.18775518032 -8.68547061673 -0.257863998582
2.98028811633 11.5226097815 -1.18775518032 -8.59271557705 -0.270422310201
3.11160335098 11.5447311196 -1.18775518032 -8.50041155955 -0.283399232208
3.24870449967 11.5674910554 -1.18775518032 -8.40898437699 -0.297004069795
3.39184649703 11.5894604805 -1.18775518032 -8.3173944449 -0.311236822964
3.54129551043 11.6110215092 -1.18775518032 -8.22551582438 -0.326306796907
3.69732943493 11.632440278 -1.18775518032 -8.13272402561 -0.342841907206
3.86023840995 11.6533399802 -1.18775518032 -8.03966588664 -0.360423543472
4.03032535887 11.6745990625 -1.18775518032 -7.94654268928 -0.379051705708
4.20790655221 11.6949164508 -1.18775518032 -7.85282880753 -0.398935699105
4.3933121958 11.715394793 -1.18775518032 -7.75960049581 -0.41986621847
4.58688704473 11.735353168 -1.18775518032 -7.66701397766 -0.441843263804
4.78899104443 11.7556020471 -1.18775518032 -7.57529095078 -0.464238919525
5.0 11.7758764891 -1.18775518032 -7.4859111451 -0.48684388044