Mass Entropy Slope Intercept Offset
0.303236406149 9.24754074278 -1.19109698961 -12.5521477305 -2.34824153436
0.316597382763 9.2918994072 -1.19109698961 -12.4753492605 -2.23860179145
0.330547060776 9.33610563175 -1.19109698961 -12.4128139694 -2.07594476473
0.345111379108 9.37994966215 -1.19109698961 -12.3395238913 -1.93513085894
0.360317419584 9.4200637859 -1.19109698961 -12.2709194152 -1.78371349639
0.376193457287 9.45756522452 -1.19109698961 -12.2065616075 -1.62614612892
0.392769013135 9.49960098721 -1.19109698961 -12.1371565634 -1.49497139845
0.410074908776 9.54589210089 -1.19109698961 -12.0723699108 -1.32903727046
0.428143323898 9.60208762142 -1.19109698961 -12.0074483115 -1.18035733757
0.447007856067 9.65688270266 -1.19109698961 -11.9417100688 -1.0378663478
0.466703583197 9.71591465349 -1.19109698961 -11.8776139119 -0.885364727383
0.487267128783 9.77366147965 -1.19109698961 -11.8143482107 -0.797352658932
0.508736729994 9.83059707391 -1.19109698961 -11.7527670347 -0.710923051819
0.531152308779 9.88490995264 -1.19109698961 -11.6899584342 -0.571363150425
0.604500983662 10.0404264104 -1.19109698961 -11.5067529159 -0.393264465221
0.631136055646 10.087465612 -1.19109698961 -11.4419794631 -0.382587118617
0.65894470233 10.1335229611 -1.19109698961 -11.3795658723 -0.326580305097
0.687978632886 10.1806136882 -1.19109698961 -17.1877204847 -0.000122365899884
0.71829183486 10.2352943166 -1.19109698961 -11.2522948945 -0.265086419033
0.749940674555 10.2813548947 -1.19109698961 -11.1823113432 -0.247696749945
0.782984001847 10.3167138649 -1.19109698961 -11.1061215983 -0.236669154913
0.817483259608 10.3547855773 -1.19109698961 -11.0185687394 -0.231155357397
0.853502597963 10.3911915772 -1.19109698961 -10.929425969 -0.228610527774
0.891108993569 10.4267403073 -1.19109698961 -10.8394133355 -0.227550182098
0.930372374162 10.4606795681 -1.19109698961 -10.7482733664 -0.228186389504
0.971365748579 10.4932794946 -1.19109698961 -10.6569010436 -0.230307080856
1.01416534252 10.5239931287 -1.19109698961 -10.5645005274 -0.239198685459
1.05885074028 10.5553201633 -1.19109698961 -10.4708650973 -0.233295981603
1.10550503275 10.5835111208 -1.19109698961 -10.3770494128 -0.256642309126
1.15421497189 10.6133052333 -1.19109698961 -10.2826768025 -0.256897631767
1.20507113209 10.6410040722 -1.19109698961 -10.1890379955 -0.268179246888
1.25816807852 10.6690441619 -1.19109698961 -10.095570853 -0.271109681996
1.31360454306 10.6963261308 -1.19109698961 -10.0035271367 -0.268543965848
1.37148360779 10.721458639 -1.19109698961 -9.91338864723 -0.29563992234
1.43191289675 10.7468512007 -1.19109698961 -9.82459369343 -0.304479270554
1.49500477602 10.7720641038 -1.19109698961 -9.73993208345 -0.295126704394
1.56087656268 10.7956033375 -1.19109698961 -9.65720042599 -0.317355187955
1.62965074292 10.8195327242 -1.19109698961 -9.57735289368 -0.332003828547
1.70145519985 10.8424522654 -1.19109698961 -9.50126185828 -0.343178268393
1.77642345127 10.8660051566 -1.19109698961 -9.42935378325 -0.34316895848
1.85469489794 10.8889276454 -1.19109698961 -9.3609108218 -0.341733078401
1.93641508277 10.9101125831 -1.19109698961 -9.29830246008 -0.349591936738
2.0217359615 10.9314038593 -1.19109698961 -9.23869127484 -0.348397953454
2.11081618523 10.952282994 -1.19109698961 -9.18389577493 -0.347223163621
2.20382139542 10.9724160079 -1.19109698961 -9.13012507112 -0.347900579297
2.30092453188 10.9916978412 -1.19109698961 -9.06078593811 -0.354981608437
2.4023061544 11.011706634 -1.19109698961 -8.98980780647 -0.362935205796
2.50815477844 11.0302351854 -1.19109698961 -8.91744192219 -0.372353939511
2.6186672257 11.0492396821 -1.19109698961 -8.83988774662 -0.384702945936
2.73404899007 11.0675872254 -1.19109698961 -8.75420278849 -0.401656666622
2.85451461979 11.0858252502 -1.19109698961 -8.66235595107 -0.422796491181
2.98028811633 11.1036311629 -1.19109698961 -8.56960489501 -0.44561075729
3.11160335098 11.1212325055 -1.19109698961 -8.47778445727 -0.469471549366
3.24870449967 11.1386527196 -1.19109698961 -8.38614433942 -0.494378867411
3.39184649703 11.1559008884 -1.19109698961 -8.29437437329 -0.520332711424
3.54129551043 11.1726319718 -1.19109698961 -8.20258953859 -0.547751691793
3.69732943493 11.1893562961 -1.19109698961 -8.11006576034 -0.576635808517
3.86023840995 11.2069626366 -1.19109698961 -8.01721995106 -0.606775756403
4.03032535887 11.2230686488 -1.19109698961 -7.92379128108 -0.638380840645
4.20790655221 11.2390869473 -1.19109698961 -7.83038099972 -0.671241756049
4.3933121958 11.2550452517 -1.19109698961 -7.73674345712 -0.706195723389
4.58688704473 11.2711710963 -1.19109698961 -7.64433153271 -0.741986911504
4.78899104443 11.2880063858 -1.19109698961 -7.55302087222 -0.779033930781
5.0 11.3058191968 -1.19109698961 -7.46307745488 -0.816290255251