Mass Entropy Slope Intercept Offset
0.303236406149 9.53529054002 -1.19506902743 -12.5263354291 -1.23212167567
0.316597382763 9.57929726133 -1.19506902743 -12.4510666813 -1.15217161169
0.330547060776 9.62143519756 -1.19506902743 -12.3780537794 -1.06904051068
0.345111379108 9.66215277343 -1.19506902743 -12.3101274234 -0.981031819558
0.360317419584 9.7053079114 -1.19506902743 -19.6993992875 -0.000109057715199
0.376193457287 9.74589555031 -1.19506902743 -12.1760839206 -0.808831681754
0.392769013135 9.79122768406 -1.19506902743 -12.1104233572 -0.726124719016
0.410074908776 9.84048591065 -1.19506902743 -12.0424609788 -0.647235000711
0.447007856067 9.95475439532 -1.19506902743 -11.9109476067 -0.449030992795
0.466703583197 10.0145454709 -1.19506902743 -11.85101504 -0.436357768878
0.531152308779 10.1908813206 -1.19506902743 -11.6620900611 -0.290902567011
0.554555546096 10.2443514869 -1.19506902743 -11.5967074078 -0.273163004481
0.578989959421 10.2980059946 -1.19506902743 -11.5371745239 -0.236149215555
0.604500983662 10.3649454119 -1.19506902743 -11.4776267884 -0.192982913056
0.631136055646 10.4155532212 -1.19506902743 -11.4127088621 -0.176441520508
0.65894470233 10.464846852 -1.19506902743 -11.3516821414 -0.162232888448
0.687978632886 10.5116796527 -1.19506902743 -11.2899462105 -0.150993224281
0.71829183486 10.5569757875 -1.19506902743 -11.224722636 -0.142510458872
0.749940674555 10.6012172615 -1.19506902743 -11.1548839265 -0.136572523086
0.782984001847 10.6441605957 -1.19506902743 -11.0785442787 -0.132967347787
0.817483259608 10.6856236568 -1.19506902743 -10.9911743824 -0.132119071246
0.853502597963 10.7261659837 -1.19506902743 -10.9022305549 -0.132755278652
0.891108993569 10.7654475786 -1.19506902743 -10.811866671 -0.134027693463
0.930372374162 10.8040438264 -1.19506902743 -10.7208619575 -0.13593631568
0.971365748579 10.8414012237 -1.19506902743 -10.6294434311 -0.138905283573
1.01416534252 10.8783065376 -1.19506902743 -10.5369119998 -0.142298389737
1.05885074028 10.9143054916 -1.19506902743 -10.4432310599 -0.146751841577
1.10550503275 10.9500883555 -1.19506902743 -10.3491609424 -0.151629431687
1.15421497189 10.9841911746 -1.19506902743 -10.2552992289 -0.156931160068
1.20507113209 11.0182211744 -1.19506902743 -10.1611242486 -0.165217875333
1.25816807852 11.0528934951 -1.19506902743 -10.0683097242 -0.167947997756
1.31360454306 11.0859706103 -1.19506902743 -9.97593811342 -0.174244160172
1.37148360779 11.1188421214 -1.19506902743 -9.88566624512 -0.178466856797
1.43191289675 11.1493303809 -1.19506902743 -9.79785307355 -0.190678392294
1.49500477602 11.1815646628 -1.19506902743 -9.71220138307 -0.194339589807
1.56087656268 11.2119187461 -1.19506902743 -9.62979476781 -0.199797733244
1.62965074292 11.2420759978 -1.19506902743 -9.54982872139 -0.203724948788
1.70145519985 11.273361734 -1.19506902743 -9.47369245192 -0.204425293219
1.77642345127 11.3012558862 -1.19506902743 -9.40165559327 -0.213188113397
1.85469489794 11.3311485713 -1.19506902743 -9.33399442608 -0.211788875085
1.93641508277 11.3594248988 -1.19506902743 -9.27064515885 -0.215315986187
2.0217359615 11.3886206912 -1.19506902743 -9.21150321045 -0.214168570647
2.11081618523 11.418447181 -1.19506902743 -9.1558500901 -0.209220168182
2.20382139542 11.4451309104 -1.19506902743 -9.10219807822 -0.211701349567
2.30092453188 11.472674206 -1.19506902743 -9.03304511448 -0.213491297527
2.4023061544 11.4989406432 -1.19506902743 -8.96230962426 -0.217468096207
2.50815477844 11.5251351489 -1.19506902743 -8.88993449497 -0.221863505273
2.6186672257 11.5509135328 -1.19506902743 -8.81244591507 -0.227933355889
2.73404899007 11.5764719701 -1.19506902743 -8.72659267594 -0.236514868829
2.85451461979 11.601097605 -1.19506902743 -8.6347837944 -0.247398738899
2.98028811633 11.6254631314 -1.19506902743 -8.54210697716 -0.259329134938
3.11160335098 11.6493803218 -1.19506902743 -8.45008221093 -0.271468836169
3.24870449967 11.6732544922 -1.19506902743 -8.35836086659 -0.284236452982
3.39184649703 11.6964481541 -1.19506902743 -8.26680367588 -0.29784129057
3.54129551043 11.7189149577 -1.19506902743 -8.17497646015 -0.312074043738
3.69732943493 11.7422473156 -1.19506902743 -8.08228689439 -0.327562628069
3.86023840995 11.764324434 -1.19506902743 -7.98951338687 -0.344097738367
4.03032535887 11.7865505429 -1.19506902743 -7.89590463873 -0.361888679828
4.20790655221 11.808332627 -1.19506902743 -7.80221155328 -0.380935452451
4.3933121958 11.8299582616 -1.19506902743 -7.70906187167 -0.400610140654
4.58688704473 11.8509348749 -1.19506902743 -7.61646237072 -0.421331354826
4.78899104443 11.8716953276 -1.19506902743 -7.52491914445 -0.442680484579
5.0 11.8930959233 -1.19506902743 -7.43534741202 -0.464029614331