1e-2 1.7 1.7 1.8 2.0 0.7 0.8 0.9 1.1 0.2 0.4 0.5 0.7 -1.2 -1.1 -1.1 -0.8
1e-3 3.5 3.6 3.8 4.5 2.6 2.7 2.8 3.1 2.2 2.3 2.4 2.6 0.7 0.8 0.9 1.1
1e-4 5.6 6.0 6.4 7.8 4.5 4.7 4.8 5.3 4.1 4.2 4.3 4.6 2.6 2.7 2.8 3.0
6e-5 6.1 6.6 7.0 8.7 4.9 5.1 5.3 6.0 4.5 4.6 4.7 5.2 3.0 3.1 3.2 3.4
3e-5 6.9 7.5 8.0 10.2 5.6 5.8 6.0 6.9 5.1 5.2 5.3 5.9 3.6 3.7 3.8 4.0
1e-5 8.3 9.1 9.7 13.2 6.6 6.9 7.2 9.1 6.0 6.2 6.4 7.7 4.5 4.6 4.7 5.0
6e-6 8.9 9.8 10.7 14.4 7.1 7.4 7.7 9.8 6.4 6.6 6.9 8.5 4.9 5.0 5.1 5.5
3e-6 10.0 10.9 12.3 16.5 7.7 8.1 8.7 11.1 7.0 7.3 7.7 9.5 5.4 5.6 5.7 6.2
1e-6 11.6 13.6 15.2 20.9 8.9 9.8 10.9 13.8 8.0 8.6 9.5 11.7 6.3 6.5 6.7 7.4
6e-7 12.6 15.0 16.5 23.4 9.5 10.9 11.7 15.3 8.6 9.5 10.3 12.9 6.8 7.0 7.2 8.1
3e-7 14.4 16.6 18.8 27.3 10.6 12.1 13.1 17.6 9.5 10.7 11.4 14.8 7.4 7.7 7.9 9.1
1e-7 17.2 20.4 23.5 35.0 12.7 14.3 15.9 22.1 11.4 12.5 13.7 18.6 8.4 8.8 9.2 10.9
